iteration	posterior	likelihood	prior	node_index	branch_start_time	branch_end_time	start_state	end_state	transition_time	transition_type	parent_index	child1_index	child2_index
0	-348.822	-349.02	0.197498	38	100	100	2222022222	2222022222	NA	no_change	NA	29	37
0	-348.822	-349.02	0.197498	29	100	53.7733	2222022222	2222022220	77.0546	anagenetic	38	24	28
0	-348.822	-349.02	0.197498	24	53.7733	41.0953	2222022220	2222022200	53.4765	anagenetic	29	20	23
0	-348.822	-349.02	0.197498	24	53.7733	41.0953	2222022200	2222020200	49.4284	anagenetic	29	20	23
0	-348.822	-349.02	0.197498	24	53.7733	41.0953	2222020200	2222000200	47.5133	anagenetic	29	20	23
0	-348.822	-349.02	0.197498	24	53.7733	41.0953	2222000200	2222000000	47.3291	anagenetic	29	20	23
0	-348.822	-349.02	0.197498	20	41.0953	27.4649	2222000000	2220000000	37.2856	anagenetic	24	19	18
0	-348.822	-349.02	0.197498	19	27.4649	0	2220000000	2220000000	NA	no_change	20	NA	NA
0	-348.822	-349.02	0.197498	18	27.4649	0	2220000000	2200000000	23.9521	anagenetic	20	NA	NA
0	-348.822	-349.02	0.197498	23	41.0953	18.5117	2222000000	2222200000	23.7353	anagenetic	24	21	22
0	-348.822	-349.02	0.197498	21	18.5117	9.59126	2222200000	2222000000	9.91417	anagenetic	23	17	16
0	-348.822	-349.02	0.197498	17	9.59126	0	2222000000	2220000000	7.38717	anagenetic	21	NA	NA
0	-348.822	-349.02	0.197498	17	9.59126	0	2220000000	2020000000	0.73508	anagenetic	21	NA	NA
0	-348.822	-349.02	0.197498	16	9.59126	0	2222000000	2202000000	4.03538	anagenetic	21	NA	NA
0	-348.822	-349.02	0.197498	22	18.5117	5.09011	2222200000	2022200000	15.5911	anagenetic	23	15	14
0	-348.822	-349.02	0.197498	22	18.5117	5.09011	2022200000	2002200000	7.25606	anagenetic	23	15	14
0	-348.822	-349.02	0.197498	15	5.09011	0	2002200000	2002000000	2.89893	anagenetic	22	NA	NA
0	-348.822	-349.02	0.197498	15	5.09011	0	2002000000	2000000000	0.615126	anagenetic	22	NA	NA
0	-348.822	-349.02	0.197498	14	5.09011	0	2002200000	0002200000	3.1138	anagenetic	22	NA	NA
0	-348.822	-349.02	0.197498	28	53.7733	13.5907	2222022220	2022022220	49.3817	anagenetic	29	26	27
0	-348.822	-349.02	0.197498	28	53.7733	13.5907	2022022220	0022022220	46.1796	anagenetic	29	26	27
0	-348.822	-349.02	0.197498	28	53.7733	13.5907	0022022220	0022022200	44.1328	anagenetic	29	26	27
0	-348.822	-349.02	0.197498	28	53.7733	13.5907	0022022200	0002022200	44.0386	anagenetic	29	26	27
0	-348.822	-349.02	0.197498	26	13.5907	7.64874	0002022200	0002022000	13.4734	anagenetic	28	13	25
0	-348.822	-349.02	0.197498	26	13.5907	7.64874	0002022000	0002222000	12.1508	anagenetic	28	13	25
0	-348.822	-349.02	0.197498	13	7.64874	0	0002222000	0002202000	6.58115	anagenetic	26	NA	NA
0	-348.822	-349.02	0.197498	13	7.64874	0	0002202000	0002200000	5.95106	anagenetic	26	NA	NA
0	-348.822	-349.02	0.197498	25	7.64874	0.268772	0002222000	0002022000	5.51563	anagenetic	26	12	11
0	-348.822	-349.02	0.197498	12	0.268772	0	0002022000	0002020000	0.206206	anagenetic	25	NA	NA
0	-348.822	-349.02	0.197498	11	0.268772	0	0002022000	0002002000	0.0907296	anagenetic	25	NA	NA
0	-348.822	-349.02	0.197498	27	13.5907	11.2416	0002022200	0002002200	13.276	anagenetic	28	10	9
0	-348.822	-349.02	0.197498	27	13.5907	11.2416	0002002200	0000002200	11.8644	anagenetic	28	10	9
0	-348.822	-349.02	0.197498	10	11.2416	0	0000002200	0000002200	NA	no_change	27	NA	NA
0	-348.822	-349.02	0.197498	9	11.2416	0	0000002200	0000002200	NA	no_change	27	NA	NA
0	-348.822	-349.02	0.197498	37	100	44.4225	2222022222	2222022202	80.3283	anagenetic	38	33	36
0	-348.822	-349.02	0.197498	37	100	44.4225	2222022202	2220022202	76.9149	anagenetic	38	33	36
0	-348.822	-349.02	0.197498	37	100	44.4225	2220022202	2220002202	54.8922	anagenetic	38	33	36
0	-348.822	-349.02	0.197498	33	44.4225	34.1231	2220002202	2220002200	40.0227	anagenetic	37	8	32
0	-348.822	-349.02	0.197498	8	34.1231	0	2220002200	0220002200	34.1024	anagenetic	33	NA	NA
0	-348.822	-349.02	0.197498	8	34.1231	0	0220002200	0220002000	30.8733	anagenetic	33	NA	NA
0	-348.822	-349.02	0.197498	8	34.1231	0	0220002000	0220000000	18.2673	anagenetic	33	NA	NA
0	-348.822	-349.02	0.197498	8	34.1231	0	0220000000	0220002000	14.0286	anagenetic	33	NA	NA
0	-348.822	-349.02	0.197498	8	34.1231	0	0220002000	0200002000	1.43289	anagenetic	33	NA	NA
0	-348.822	-349.02	0.197498	32	34.1231	6.82731	2220002200	2020002200	31.9777	anagenetic	33	31	4
0	-348.822	-349.02	0.197498	32	34.1231	6.82731	2020002200	2020002220	26.1724	anagenetic	33	31	4
0	-348.822	-349.02	0.197498	32	34.1231	6.82731	2020002220	2000002220	17.8197	anagenetic	33	31	4
0	-348.822	-349.02	0.197498	32	34.1231	6.82731	2000002220	2000000220	8.92176	anagenetic	33	31	4
0	-348.822	-349.02	0.197498	31	6.82731	4.77017	2000000220	0000000220	5.14795	anagenetic	32	30	5
0	-348.822	-349.02	0.197498	30	4.77017	3.27877	0000000220	0000000220	NA	no_change	31	7	6
0	-348.822	-349.02	0.197498	7	3.27877	0	0000000220	0000000220	NA	no_change	30	NA	NA
0	-348.822	-349.02	0.197498	6	3.27877	0	0000000220	0000000200	0.537125	anagenetic	30	NA	NA
0	-348.822	-349.02	0.197498	5	4.77017	0	0000000220	0000000220	NA	no_change	31	NA	NA
0	-348.822	-349.02	0.197498	4	6.82731	0	2000000220	2000000020	2.06862	anagenetic	32	NA	NA
0	-348.822	-349.02	0.197498	36	44.4225	24.5118	2220002202	2200002202	44.0119	anagenetic	37	34	35
0	-348.822	-349.02	0.197498	36	44.4225	24.5118	2200002202	0200002202	42.7224	anagenetic	37	34	35
0	-348.822	-349.02	0.197498	36	44.4225	24.5118	0200002202	0200000202	32.5463	anagenetic	37	34	35
0	-348.822	-349.02	0.197498	36	44.4225	24.5118	0200000202	0000000202	26.5639	anagenetic	37	34	35
0	-348.822	-349.02	0.197498	34	24.5118	4.69943	0000000202	0000000202	NA	no_change	36	3	2
0	-348.822	-349.02	0.197498	3	4.69943	0	0000000202	0000000200	1.9393	anagenetic	34	NA	NA
0	-348.822	-349.02	0.197498	2	4.69943	0	0000000202	0000000002	0.10681	anagenetic	34	NA	NA
0	-348.822	-349.02	0.197498	35	24.5118	1.80607	0000000202	0000000002	8.42245	anagenetic	36	1	0
0	-348.822	-349.02	0.197498	1	1.80607	0	0000000002	0000000002	NA	no_change	35	NA	NA
0	-348.822	-349.02	0.197498	0	1.80607	0	0000000002	0000000002	NA	no_change	35	NA	NA
10	-303.115	-304.329	1.21403	38	100	100	2220022222	2220022222	NA	no_change	NA	29	37
10	-303.115	-304.329	1.21403	29	100	53.7733	2220022222	2220022220	89.2813	anagenetic	38	24	28
10	-303.115	-304.329	1.21403	29	100	53.7733	2220022220	2200022220	86.9383	anagenetic	38	24	28
10	-303.115	-304.329	1.21403	29	100	53.7733	2200022220	2200020220	67.6279	anagenetic	38	24	28
10	-303.115	-304.329	1.21403	29	100	53.7733	2200020220	2200022220	61.8444	anagenetic	38	24	28
10	-303.115	-304.329	1.21403	29	100	53.7733	2200022220	2202022220	60.8914	anagenetic	38	24	28
10	-303.115	-304.329	1.21403	24	53.7733	41.0953	2202022220	2202002220	48.1817	anagenetic	29	20	23
10	-303.115	-304.329	1.21403	24	53.7733	41.0953	2202002220	2202002200	47.3154	anagenetic	29	20	23
10	-303.115	-304.329	1.21403	24	53.7733	41.0953	2202002200	2202002000	45.8964	anagenetic	29	20	23
10	-303.115	-304.329	1.21403	24	53.7733	41.0953	2202002000	2202000000	45.0935	anagenetic	29	20	23
10	-303.115	-304.329	1.21403	20	41.0953	27.4649	2202000000	2222000000	37.6223	anagenetic	24	19	18
10	-303.115	-304.329	1.21403	20	41.0953	27.4649	2222000000	2220000000	30.0005	anagenetic	24	19	18
10	-303.115	-304.329	1.21403	19	27.4649	0	2220000000	2220000000	NA	no_change	20	NA	NA
10	-303.115	-304.329	1.21403	18	27.4649	0	2220000000	2220002000	11.9728	anagenetic	20	NA	NA
10	-303.115	-304.329	1.21403	18	27.4649	0	2220002000	2200002000	7.46868	anagenetic	20	NA	NA
10	-303.115	-304.329	1.21403	18	27.4649	0	2200002000	2200000000	4.5345	anagenetic	20	NA	NA
10	-303.115	-304.329	1.21403	23	41.0953	18.5117	2202000000	2222000000	35.5068	anagenetic	24	21	22
10	-303.115	-304.329	1.21403	23	41.0953	18.5117	2222000000	2202000000	25.8304	anagenetic	24	21	22
10	-303.115	-304.329	1.21403	21	18.5117	9.59126	2202000000	2202000000	NA	no_change	23	17	16
10	-303.115	-304.329	1.21403	17	9.59126	0	2202000000	2200000000	9.21032	anagenetic	21	NA	NA
10	-303.115	-304.329	1.21403	17	9.59126	0	2200000000	2000000000	5.61287	anagenetic	21	NA	NA
10	-303.115	-304.329	1.21403	17	9.59126	0	2000000000	2020000000	5.19083	anagenetic	21	NA	NA
10	-303.115	-304.329	1.21403	16	9.59126	0	2202000000	2202000000	NA	no_change	21	NA	NA
10	-303.115	-304.329	1.21403	22	18.5117	5.09011	2202000000	2002000000	18.2206	anagenetic	23	15	14
10	-303.115	-304.329	1.21403	15	5.09011	0	2002000000	2000000000	3.26808	anagenetic	22	NA	NA
10	-303.115	-304.329	1.21403	14	5.09011	0	2002000000	0002000000	1.95545	anagenetic	22	NA	NA
10	-303.115	-304.329	1.21403	14	5.09011	0	0002000000	0002200000	1.76541	anagenetic	22	NA	NA
10	-303.115	-304.329	1.21403	28	53.7733	13.5907	2202022220	0202022220	53.6978	anagenetic	29	26	27
10	-303.115	-304.329	1.21403	28	53.7733	13.5907	0202022220	0202002220	45.043	anagenetic	29	26	27
10	-303.115	-304.329	1.21403	28	53.7733	13.5907	0202002220	0002002220	42.4162	anagenetic	29	26	27
10	-303.115	-304.329	1.21403	28	53.7733	13.5907	0002002220	0002002200	41.5645	anagenetic	29	26	27
10	-303.115	-304.329	1.21403	28	53.7733	13.5907	0002002200	0000002200	35.311	anagenetic	29	26	27
10	-303.115	-304.329	1.21403	28	53.7733	13.5907	0000002200	0000002000	24.9257	anagenetic	29	26	27
10	-303.115	-304.329	1.21403	28	53.7733	13.5907	0000002000	0002002000	22.1949	anagenetic	29	26	27
10	-303.115	-304.329	1.21403	26	13.5907	7.64874	0002002000	0002002000	NA	no_change	28	13	25
10	-303.115	-304.329	1.21403	13	7.64874	0	0002002000	0002202000	1.03527	anagenetic	26	NA	NA
10	-303.115	-304.329	1.21403	13	7.64874	0	0002202000	0002200000	0.602002	anagenetic	26	NA	NA
10	-303.115	-304.329	1.21403	25	7.64874	0.268772	0002002000	0002002000	NA	no_change	26	12	11
10	-303.115	-304.329	1.21403	12	0.268772	0	0002002000	0002000000	0.250952	anagenetic	25	NA	NA
10	-303.115	-304.329	1.21403	12	0.268772	0	0002000000	0002020000	0.16965	anagenetic	25	NA	NA
10	-303.115	-304.329	1.21403	11	0.268772	0	0002002000	0002002000	NA	no_change	25	NA	NA
10	-303.115	-304.329	1.21403	27	13.5907	11.2416	0002002000	0000002000	12.207	anagenetic	28	10	9
10	-303.115	-304.329	1.21403	10	11.2416	0	0000002000	0000002200	3.26038	anagenetic	27	NA	NA
10	-303.115	-304.329	1.21403	9	11.2416	0	0000002000	0000002200	9.86793	anagenetic	27	NA	NA
10	-303.115	-304.329	1.21403	37	100	44.4225	2220022222	2220022202	96.0935	anagenetic	38	33	36
10	-303.115	-304.329	1.21403	37	100	44.4225	2220022202	0220022202	64.8522	anagenetic	38	33	36
10	-303.115	-304.329	1.21403	37	100	44.4225	0220022202	0220002202	61.6314	anagenetic	38	33	36
10	-303.115	-304.329	1.21403	37	100	44.4225	0220002202	0200002202	57.2319	anagenetic	38	33	36
10	-303.115	-304.329	1.21403	33	44.4225	34.1231	0200002202	0200002202	NA	no_change	37	8	32
10	-303.115	-304.329	1.21403	8	34.1231	0	0200002202	0200002002	31.6588	anagenetic	33	NA	NA
10	-303.115	-304.329	1.21403	8	34.1231	0	0200002002	0200002000	30.3534	anagenetic	33	NA	NA
10	-303.115	-304.329	1.21403	32	34.1231	6.82731	0200002202	0200000202	32.1134	anagenetic	33	31	4
10	-303.115	-304.329	1.21403	32	34.1231	6.82731	0200000202	0200000200	24.07	anagenetic	33	31	4
10	-303.115	-304.329	1.21403	32	34.1231	6.82731	0200000200	0000000200	18.5948	anagenetic	33	31	4
10	-303.115	-304.329	1.21403	32	34.1231	6.82731	0000000200	2000000200	12.9057	anagenetic	33	31	4
10	-303.115	-304.329	1.21403	32	34.1231	6.82731	2000000200	2000000220	12.1952	anagenetic	33	31	4
10	-303.115	-304.329	1.21403	31	6.82731	4.77017	2000000220	0000000220	6.11228	anagenetic	32	30	5
10	-303.115	-304.329	1.21403	30	4.77017	3.27877	0000000220	0000000220	NA	no_change	31	7	6
10	-303.115	-304.329	1.21403	7	3.27877	0	0000000220	0000000220	NA	no_change	30	NA	NA
10	-303.115	-304.329	1.21403	6	3.27877	0	0000000220	0000000200	0.279626	anagenetic	30	NA	NA
10	-303.115	-304.329	1.21403	5	4.77017	0	0000000220	0000000220	NA	no_change	31	NA	NA
10	-303.115	-304.329	1.21403	4	6.82731	0	2000000220	2000000020	1.09165	anagenetic	32	NA	NA
10	-303.115	-304.329	1.21403	36	44.4225	24.5118	0200002202	0200000202	41.3598	anagenetic	37	34	35
10	-303.115	-304.329	1.21403	36	44.4225	24.5118	0200000202	0000000202	33.9774	anagenetic	37	34	35
10	-303.115	-304.329	1.21403	34	24.5118	4.69943	0000000202	0000000202	NA	no_change	36	3	2
10	-303.115	-304.329	1.21403	3	4.69943	0	0000000202	0000000200	3.71908	anagenetic	34	NA	NA
10	-303.115	-304.329	1.21403	2	4.69943	0	0000000202	0000000002	4.36816	anagenetic	34	NA	NA
10	-303.115	-304.329	1.21403	35	24.5118	1.80607	0000000202	0000000002	23.3589	anagenetic	36	1	0
10	-303.115	-304.329	1.21403	1	1.80607	0	0000000002	0000000002	NA	no_change	35	NA	NA
10	-303.115	-304.329	1.21403	0	1.80607	0	0000000002	0000000002	NA	no_change	35	NA	NA
20	-282.572	-283.947	1.37472	38	100	100	0220022222	0220022222	NA	no_change	NA	29	37
20	-282.572	-283.947	1.37472	29	100	53.7733	0220022222	0220022220	89.2204	anagenetic	38	24	28
20	-282.572	-283.947	1.37472	29	100	53.7733	0220022220	0222022220	86.3879	anagenetic	38	24	28
20	-282.572	-283.947	1.37472	29	100	53.7733	0222022220	0222022020	74.9095	anagenetic	38	24	28
20	-282.572	-283.947	1.37472	29	100	53.7733	0222022020	0202022020	68.3695	anagenetic	38	24	28
20	-282.572	-283.947	1.37472	29	100	53.7733	0202022020	2202022020	62.5983	anagenetic	38	24	28
20	-282.572	-283.947	1.37472	29	100	53.7733	2202022020	2202002020	57.641	anagenetic	38	24	28
20	-282.572	-283.947	1.37472	24	53.7733	41.0953	2202002020	2202000020	48.472	anagenetic	29	20	23
20	-282.572	-283.947	1.37472	20	41.0953	27.4649	2202000020	2202000000	28.5194	anagenetic	24	19	18
20	-282.572	-283.947	1.37472	19	27.4649	0	2202000000	2222000000	15.0924	anagenetic	20	NA	NA
20	-282.572	-283.947	1.37472	19	27.4649	0	2222000000	2220000000	2.55425	anagenetic	20	NA	NA
20	-282.572	-283.947	1.37472	18	27.4649	0	2202000000	2200000000	17.7477	anagenetic	20	NA	NA
20	-282.572	-283.947	1.37472	23	41.0953	18.5117	2202000020	2202000000	28.3646	anagenetic	24	21	22
20	-282.572	-283.947	1.37472	21	18.5117	9.59126	2202000000	2202000000	NA	no_change	23	17	16
20	-282.572	-283.947	1.37472	17	9.59126	0	2202000000	2002000000	8.06303	anagenetic	21	NA	NA
20	-282.572	-283.947	1.37472	17	9.59126	0	2002000000	2022000000	7.50038	anagenetic	21	NA	NA
20	-282.572	-283.947	1.37472	17	9.59126	0	2022000000	2020000000	3.87061	anagenetic	21	NA	NA
20	-282.572	-283.947	1.37472	16	9.59126	0	2202000000	2202000000	NA	no_change	21	NA	NA
20	-282.572	-283.947	1.37472	22	18.5117	5.09011	2202000000	2002000000	18.2401	anagenetic	23	15	14
20	-282.572	-283.947	1.37472	15	5.09011	0	2002000000	2000000000	4.96115	anagenetic	22	NA	NA
20	-282.572	-283.947	1.37472	14	5.09011	0	2002000000	0002000000	2.88922	anagenetic	22	NA	NA
20	-282.572	-283.947	1.37472	14	5.09011	0	0002000000	0002200000	2.23334	anagenetic	22	NA	NA
20	-282.572	-283.947	1.37472	28	53.7733	13.5907	2202002020	2202002220	49.3858	anagenetic	29	26	27
20	-282.572	-283.947	1.37472	28	53.7733	13.5907	2202002220	2202002200	45.9243	anagenetic	29	26	27
20	-282.572	-283.947	1.37472	28	53.7733	13.5907	2202002200	0202002200	24.8465	anagenetic	29	26	27
20	-282.572	-283.947	1.37472	28	53.7733	13.5907	0202002200	0002002200	18.4279	anagenetic	29	26	27
20	-282.572	-283.947	1.37472	28	53.7733	13.5907	0002002200	0000002200	14.0419	anagenetic	29	26	27
20	-282.572	-283.947	1.37472	26	13.5907	7.64874	0000002200	0000002000	13.1995	anagenetic	28	13	25
20	-282.572	-283.947	1.37472	26	13.5907	7.64874	0000002000	0002002000	10.5256	anagenetic	28	13	25
20	-282.572	-283.947	1.37472	13	7.64874	0	0002002000	0002202000	6.47373	anagenetic	26	NA	NA
20	-282.572	-283.947	1.37472	13	7.64874	0	0002202000	0002200000	3.91805	anagenetic	26	NA	NA
20	-282.572	-283.947	1.37472	25	7.64874	0.268772	0002002000	0002002000	NA	no_change	26	12	11
20	-282.572	-283.947	1.37472	12	0.268772	0	0002002000	0002022000	0.146807	anagenetic	25	NA	NA
20	-282.572	-283.947	1.37472	12	0.268772	0	0002022000	0002020000	0.139148	anagenetic	25	NA	NA
20	-282.572	-283.947	1.37472	11	0.268772	0	0002002000	0002002000	NA	no_change	25	NA	NA
20	-282.572	-283.947	1.37472	27	13.5907	11.2416	0000002200	0000002200	NA	no_change	28	10	9
20	-282.572	-283.947	1.37472	10	11.2416	0	0000002200	0000002200	NA	no_change	27	NA	NA
20	-282.572	-283.947	1.37472	9	11.2416	0	0000002200	0000002200	NA	no_change	27	NA	NA
20	-282.572	-283.947	1.37472	37	100	44.4225	0220022222	0220020222	89.5928	anagenetic	38	33	36
20	-282.572	-283.947	1.37472	37	100	44.4225	0220020222	0220000222	80.0013	anagenetic	38	33	36
20	-282.572	-283.947	1.37472	37	100	44.4225	0220000222	0220200222	76.2278	anagenetic	38	33	36
20	-282.572	-283.947	1.37472	37	100	44.4225	0220200222	0220200022	75.8822	anagenetic	38	33	36
20	-282.572	-283.947	1.37472	37	100	44.4225	0220200022	0220200222	70.7068	anagenetic	38	33	36
20	-282.572	-283.947	1.37472	37	100	44.4225	0220200222	0220000222	68.6374	anagenetic	38	33	36
20	-282.572	-283.947	1.37472	37	100	44.4225	0220000222	0200000222	66.0895	anagenetic	38	33	36
20	-282.572	-283.947	1.37472	37	100	44.4225	0200000222	0200000202	59.3936	anagenetic	38	33	36
20	-282.572	-283.947	1.37472	33	44.4225	34.1231	0200000202	0200000200	40.1099	anagenetic	37	8	32
20	-282.572	-283.947	1.37472	8	34.1231	0	0200000200	0200002200	14.1178	anagenetic	33	NA	NA
20	-282.572	-283.947	1.37472	8	34.1231	0	0200002200	0200002000	4.31135	anagenetic	33	NA	NA
20	-282.572	-283.947	1.37472	32	34.1231	6.82731	0200000200	0200000220	32.8466	anagenetic	33	31	4
20	-282.572	-283.947	1.37472	32	34.1231	6.82731	0200000220	0000000220	32.1856	anagenetic	33	31	4
20	-282.572	-283.947	1.37472	31	6.82731	4.77017	0000000220	0000000220	NA	no_change	32	30	5
20	-282.572	-283.947	1.37472	30	4.77017	3.27877	0000000220	0000000220	NA	no_change	31	7	6
20	-282.572	-283.947	1.37472	7	3.27877	0	0000000220	0000000220	NA	no_change	30	NA	NA
20	-282.572	-283.947	1.37472	6	3.27877	0	0000000220	0000000200	2.41172	anagenetic	30	NA	NA
20	-282.572	-283.947	1.37472	5	4.77017	0	0000000220	0000000220	NA	no_change	31	NA	NA
20	-282.572	-283.947	1.37472	4	6.82731	0	0000000220	0000000020	3.48991	anagenetic	32	NA	NA
20	-282.572	-283.947	1.37472	4	6.82731	0	0000000020	2000000020	0.928172	anagenetic	32	NA	NA
20	-282.572	-283.947	1.37472	36	44.4225	24.5118	0200000202	0000000202	38.2474	anagenetic	37	34	35
20	-282.572	-283.947	1.37472	34	24.5118	4.69943	0000000202	0000000202	NA	no_change	36	3	2
20	-282.572	-283.947	1.37472	3	4.69943	0	0000000202	0000000200	1.37968	anagenetic	34	NA	NA
20	-282.572	-283.947	1.37472	2	4.69943	0	0000000202	0000000002	2.42622	anagenetic	34	NA	NA
20	-282.572	-283.947	1.37472	35	24.5118	1.80607	0000000202	0000000002	6.08074	anagenetic	36	1	0
20	-282.572	-283.947	1.37472	1	1.80607	0	0000000002	0000000002	NA	no_change	35	NA	NA
20	-282.572	-283.947	1.37472	0	1.80607	0	0000000002	0000000002	NA	no_change	35	NA	NA
30	-292.005	-293.297	1.29178	38	100	100	0220022222	0220022222	NA	no_change	NA	29	37
30	-292.005	-293.297	1.29178	29	100	53.7733	0220022222	0220022202	99.2185	anagenetic	38	24	28
30	-292.005	-293.297	1.29178	29	100	53.7733	0220022202	0200022202	98.2772	anagenetic	38	24	28
30	-292.005	-293.297	1.29178	29	100	53.7733	0200022202	0200002202	82.3248	anagenetic	38	24	28
30	-292.005	-293.297	1.29178	29	100	53.7733	0200002202	2200002202	75.1396	anagenetic	38	24	28
30	-292.005	-293.297	1.29178	29	100	53.7733	2200002202	2200002002	68.8847	anagenetic	38	24	28
30	-292.005	-293.297	1.29178	24	53.7733	41.0953	2200002002	2200002000	44.8391	anagenetic	29	20	23
30	-292.005	-293.297	1.29178	20	41.0953	27.4649	2200002000	2200000000	27.8555	anagenetic	24	19	18
30	-292.005	-293.297	1.29178	19	27.4649	0	2200000000	2220000000	23.7178	anagenetic	20	NA	NA
30	-292.005	-293.297	1.29178	18	27.4649	0	2200000000	2200000000	NA	no_change	20	NA	NA
30	-292.005	-293.297	1.29178	23	41.0953	18.5117	2200002000	2202002000	37.3761	anagenetic	24	21	22
30	-292.005	-293.297	1.29178	23	41.0953	18.5117	2202002000	2202000000	33.6045	anagenetic	24	21	22
30	-292.005	-293.297	1.29178	23	41.0953	18.5117	2202000000	2002000000	19.0053	anagenetic	24	21	22
30	-292.005	-293.297	1.29178	21	18.5117	9.59126	2002000000	2202000000	13.5258	anagenetic	23	17	16
30	-292.005	-293.297	1.29178	17	9.59126	0	2202000000	2002000000	7.03407	anagenetic	21	NA	NA
30	-292.005	-293.297	1.29178	17	9.59126	0	2002000000	2000000000	3.46436	anagenetic	21	NA	NA
30	-292.005	-293.297	1.29178	17	9.59126	0	2000000000	2020000000	0.550237	anagenetic	21	NA	NA
30	-292.005	-293.297	1.29178	16	9.59126	0	2202000000	2202000000	NA	no_change	21	NA	NA
30	-292.005	-293.297	1.29178	22	18.5117	5.09011	2002000000	2002000000	NA	no_change	23	15	14
30	-292.005	-293.297	1.29178	15	5.09011	0	2002000000	2000000000	1.72301	anagenetic	22	NA	NA
30	-292.005	-293.297	1.29178	14	5.09011	0	2002000000	0002000000	2.599	anagenetic	22	NA	NA
30	-292.005	-293.297	1.29178	14	5.09011	0	0002000000	0002200000	2.1789	anagenetic	22	NA	NA
30	-292.005	-293.297	1.29178	28	53.7733	13.5907	2200002002	2200002000	29.5129	anagenetic	29	26	27
30	-292.005	-293.297	1.29178	28	53.7733	13.5907	2200002000	0200002000	27.6535	anagenetic	29	26	27
30	-292.005	-293.297	1.29178	28	53.7733	13.5907	0200002000	0000002000	25.8013	anagenetic	29	26	27
30	-292.005	-293.297	1.29178	28	53.7733	13.5907	0000002000	0000002200	22.5422	anagenetic	29	26	27
30	-292.005	-293.297	1.29178	26	13.5907	7.64874	0000002200	0002002200	8.34818	anagenetic	28	13	25
30	-292.005	-293.297	1.29178	13	7.64874	0	0002002200	0002000200	7.61591	anagenetic	26	NA	NA
30	-292.005	-293.297	1.29178	13	7.64874	0	0002000200	0002200200	4.95815	anagenetic	26	NA	NA
30	-292.005	-293.297	1.29178	13	7.64874	0	0002200200	0002200000	1.79454	anagenetic	26	NA	NA
30	-292.005	-293.297	1.29178	25	7.64874	0.268772	0002002200	0002002000	5.99546	anagenetic	26	12	11
30	-292.005	-293.297	1.29178	12	0.268772	0	0002002000	0002000000	0.213522	anagenetic	25	NA	NA
30	-292.005	-293.297	1.29178	12	0.268772	0	0002000000	0002020000	0.0466144	anagenetic	25	NA	NA
30	-292.005	-293.297	1.29178	11	0.268772	0	0002002000	0002002000	NA	no_change	25	NA	NA
30	-292.005	-293.297	1.29178	27	13.5907	11.2416	0000002200	0000002200	NA	no_change	28	10	9
30	-292.005	-293.297	1.29178	10	11.2416	0	0000002200	0000022200	10.0218	anagenetic	27	NA	NA
30	-292.005	-293.297	1.29178	10	11.2416	0	0000022200	0000002200	5.65753	anagenetic	27	NA	NA
30	-292.005	-293.297	1.29178	9	11.2416	0	0000002200	0000002200	NA	no_change	27	NA	NA
30	-292.005	-293.297	1.29178	37	100	44.4225	0220022222	0220020222	99.236	anagenetic	38	33	36
30	-292.005	-293.297	1.29178	37	100	44.4225	0220020222	0020020222	97.5483	anagenetic	38	33	36
30	-292.005	-293.297	1.29178	37	100	44.4225	0020020222	0000020222	74.4215	anagenetic	38	33	36
30	-292.005	-293.297	1.29178	37	100	44.4225	0000020222	0000000222	68.5626	anagenetic	38	33	36
30	-292.005	-293.297	1.29178	37	100	44.4225	0000000222	0000000202	48.7593	anagenetic	38	33	36
30	-292.005	-293.297	1.29178	33	44.4225	34.1231	0000000202	0000000200	37.6683	anagenetic	37	8	32
30	-292.005	-293.297	1.29178	33	44.4225	34.1231	0000000200	0000002200	37.5151	anagenetic	37	8	32
30	-292.005	-293.297	1.29178	8	34.1231	0	0000002200	0200002200	28.4775	anagenetic	33	NA	NA
30	-292.005	-293.297	1.29178	8	34.1231	0	0200002200	0200202200	22.0676	anagenetic	33	NA	NA
30	-292.005	-293.297	1.29178	8	34.1231	0	0200202200	0200202000	19.6286	anagenetic	33	NA	NA
30	-292.005	-293.297	1.29178	8	34.1231	0	0200202000	0202202000	16.0534	anagenetic	33	NA	NA
30	-292.005	-293.297	1.29178	8	34.1231	0	0202202000	0200202000	4.30116	anagenetic	33	NA	NA
30	-292.005	-293.297	1.29178	8	34.1231	0	0200202000	0200002000	1.8956	anagenetic	33	NA	NA
30	-292.005	-293.297	1.29178	32	34.1231	6.82731	0000002200	0000002220	19.362	anagenetic	33	31	4
30	-292.005	-293.297	1.29178	32	34.1231	6.82731	0000002220	0000000220	19.0008	anagenetic	33	31	4
30	-292.005	-293.297	1.29178	31	6.82731	4.77017	0000000220	0000000220	NA	no_change	32	30	5
30	-292.005	-293.297	1.29178	30	4.77017	3.27877	0000000220	0000000220	NA	no_change	31	7	6
30	-292.005	-293.297	1.29178	7	3.27877	0	0000000220	0000000220	NA	no_change	30	NA	NA
30	-292.005	-293.297	1.29178	6	3.27877	0	0000000220	0000000200	1.26249	anagenetic	30	NA	NA
30	-292.005	-293.297	1.29178	5	4.77017	0	0000000220	0002000220	4.73396	anagenetic	31	NA	NA
30	-292.005	-293.297	1.29178	5	4.77017	0	0002000220	0000000220	2.51688	anagenetic	31	NA	NA
30	-292.005	-293.297	1.29178	4	6.82731	0	0000000220	2000000220	4.60098	anagenetic	32	NA	NA
30	-292.005	-293.297	1.29178	4	6.82731	0	2000000220	2000000020	0.140654	anagenetic	32	NA	NA
30	-292.005	-293.297	1.29178	36	44.4225	24.5118	0000000202	0000000202	NA	no_change	37	34	35
30	-292.005	-293.297	1.29178	34	24.5118	4.69943	0000000202	0000000202	NA	no_change	36	3	2
30	-292.005	-293.297	1.29178	3	4.69943	0	0000000202	0000000200	0.624978	anagenetic	34	NA	NA
30	-292.005	-293.297	1.29178	2	4.69943	0	0000000202	0000000002	2.88348	anagenetic	34	NA	NA
30	-292.005	-293.297	1.29178	35	24.5118	1.80607	0000000202	0000000002	15.0089	anagenetic	36	1	0
30	-292.005	-293.297	1.29178	1	1.80607	0	0000000002	0000000002	NA	no_change	35	NA	NA
30	-292.005	-293.297	1.29178	0	1.80607	0	0000000002	0000000002	NA	no_change	35	NA	NA
40	-276.112	-277.585	1.47341	38	100	100	0220022222	0220022222	NA	no_change	NA	29	37
40	-276.112	-277.585	1.47341	29	100	53.7733	0220022222	0220022202	90.8131	anagenetic	38	24	28
40	-276.112	-277.585	1.47341	29	100	53.7733	0220022202	0220022002	84.6568	anagenetic	38	24	28
40	-276.112	-277.585	1.47341	29	100	53.7733	0220022002	0200022002	83.3433	anagenetic	38	24	28
40	-276.112	-277.585	1.47341	29	100	53.7733	0200022002	0200020002	67.4831	anagenetic	38	24	28
40	-276.112	-277.585	1.47341	29	100	53.7733	0200020002	0200020000	59.1276	anagenetic	38	24	28
40	-276.112	-277.585	1.47341	29	100	53.7733	0200020000	0200000000	57.1032	anagenetic	38	24	28
40	-276.112	-277.585	1.47341	24	53.7733	41.0953	0200000000	2200000000	49.539	anagenetic	29	20	23
40	-276.112	-277.585	1.47341	20	41.0953	27.4649	2200000000	2200000000	NA	no_change	24	19	18
40	-276.112	-277.585	1.47341	19	27.4649	0	2200000000	2200002000	23.5959	anagenetic	20	NA	NA
40	-276.112	-277.585	1.47341	19	27.4649	0	2200002000	2200000000	5.53448	anagenetic	20	NA	NA
40	-276.112	-277.585	1.47341	19	27.4649	0	2200000000	2220000000	4.76111	anagenetic	20	NA	NA
40	-276.112	-277.585	1.47341	18	27.4649	0	2200000000	2200000000	NA	no_change	20	NA	NA
40	-276.112	-277.585	1.47341	23	41.0953	18.5117	2200000000	2202000000	27.1764	anagenetic	24	21	22
40	-276.112	-277.585	1.47341	21	18.5117	9.59126	2202000000	2202000000	NA	no_change	23	17	16
40	-276.112	-277.585	1.47341	17	9.59126	0	2202000000	2002000000	8.80771	anagenetic	21	NA	NA
40	-276.112	-277.585	1.47341	17	9.59126	0	2002000000	2000000000	7.49044	anagenetic	21	NA	NA
40	-276.112	-277.585	1.47341	17	9.59126	0	2000000000	2020000000	3.31062	anagenetic	21	NA	NA
40	-276.112	-277.585	1.47341	16	9.59126	0	2202000000	2202000000	NA	no_change	21	NA	NA
40	-276.112	-277.585	1.47341	22	18.5117	5.09011	2202000000	2002000000	8.04747	anagenetic	23	15	14
40	-276.112	-277.585	1.47341	22	18.5117	5.09011	2002000000	0002000000	7.22001	anagenetic	23	15	14
40	-276.112	-277.585	1.47341	22	18.5117	5.09011	0002000000	2002000000	5.19902	anagenetic	23	15	14
40	-276.112	-277.585	1.47341	15	5.09011	0	2002000000	2000000000	3.88939	anagenetic	22	NA	NA
40	-276.112	-277.585	1.47341	14	5.09011	0	2002000000	0002000000	4.71878	anagenetic	22	NA	NA
40	-276.112	-277.585	1.47341	14	5.09011	0	0002000000	0002200000	1.77398	anagenetic	22	NA	NA
40	-276.112	-277.585	1.47341	28	53.7733	13.5907	0200000000	0200002000	42.6825	anagenetic	29	26	27
40	-276.112	-277.585	1.47341	28	53.7733	13.5907	0200002000	2200002000	39.6722	anagenetic	29	26	27
40	-276.112	-277.585	1.47341	28	53.7733	13.5907	2200002000	0200002000	30.6795	anagenetic	29	26	27
40	-276.112	-277.585	1.47341	28	53.7733	13.5907	0200002000	0000002000	28.7135	anagenetic	29	26	27
40	-276.112	-277.585	1.47341	28	53.7733	13.5907	0000002000	0000002200	21.5296	anagenetic	29	26	27
40	-276.112	-277.585	1.47341	26	13.5907	7.64874	0000002200	0002002200	10.914	anagenetic	28	13	25
40	-276.112	-277.585	1.47341	26	13.5907	7.64874	0002002200	0002002000	8.39672	anagenetic	28	13	25
40	-276.112	-277.585	1.47341	13	7.64874	0	0002002000	0002202000	2.88902	anagenetic	26	NA	NA
40	-276.112	-277.585	1.47341	13	7.64874	0	0002202000	0002200000	1.14265	anagenetic	26	NA	NA
40	-276.112	-277.585	1.47341	25	7.64874	0.268772	0002002000	0002002000	NA	no_change	26	12	11
40	-276.112	-277.585	1.47341	12	0.268772	0	0002002000	0002000000	0.182758	anagenetic	25	NA	NA
40	-276.112	-277.585	1.47341	12	0.268772	0	0002000000	0002020000	0.0363486	anagenetic	25	NA	NA
40	-276.112	-277.585	1.47341	11	0.268772	0	0002002000	0002002000	NA	no_change	25	NA	NA
40	-276.112	-277.585	1.47341	27	13.5907	11.2416	0000002200	0000002200	NA	no_change	28	10	9
40	-276.112	-277.585	1.47341	10	11.2416	0	0000002200	0000002200	NA	no_change	27	NA	NA
40	-276.112	-277.585	1.47341	9	11.2416	0	0000002200	0000002200	NA	no_change	27	NA	NA
40	-276.112	-277.585	1.47341	37	100	44.4225	0220022222	0020022222	87.445	anagenetic	38	33	36
40	-276.112	-277.585	1.47341	37	100	44.4225	0020022222	0020022202	74.6016	anagenetic	38	33	36
40	-276.112	-277.585	1.47341	37	100	44.4225	0020022202	0000022202	57.6886	anagenetic	38	33	36
40	-276.112	-277.585	1.47341	37	100	44.4225	0000022202	0000002202	55.9424	anagenetic	38	33	36
40	-276.112	-277.585	1.47341	33	44.4225	34.1231	0000002202	0000002200	38.8968	anagenetic	37	8	32
40	-276.112	-277.585	1.47341	33	44.4225	34.1231	0000002200	0000002000	38.5713	anagenetic	37	8	32
40	-276.112	-277.585	1.47341	8	34.1231	0	0000002000	0200002000	22.8482	anagenetic	33	NA	NA
40	-276.112	-277.585	1.47341	32	34.1231	6.82731	0000002000	0000002020	19.8316	anagenetic	33	31	4
40	-276.112	-277.585	1.47341	32	34.1231	6.82731	0000002020	0000000020	13.1606	anagenetic	33	31	4
40	-276.112	-277.585	1.47341	31	6.82731	4.77017	0000000020	0000000220	5.86337	anagenetic	32	30	5
40	-276.112	-277.585	1.47341	30	4.77017	3.27877	0000000220	0000000220	NA	no_change	31	7	6
40	-276.112	-277.585	1.47341	7	3.27877	0	0000000220	0000000220	NA	no_change	30	NA	NA
40	-276.112	-277.585	1.47341	6	3.27877	0	0000000220	0000000200	1.27486	anagenetic	30	NA	NA
40	-276.112	-277.585	1.47341	5	4.77017	0	0000000220	0000000220	NA	no_change	31	NA	NA
40	-276.112	-277.585	1.47341	4	6.82731	0	0000000020	2000000020	6.52291	anagenetic	32	NA	NA
40	-276.112	-277.585	1.47341	36	44.4225	24.5118	0000002202	0000000202	36.9029	anagenetic	37	34	35
40	-276.112	-277.585	1.47341	34	24.5118	4.69943	0000000202	0020000202	21.0016	anagenetic	36	3	2
40	-276.112	-277.585	1.47341	34	24.5118	4.69943	0020000202	0000000202	17.1684	anagenetic	36	3	2
40	-276.112	-277.585	1.47341	3	4.69943	0	0000000202	0000000200	0.457458	anagenetic	34	NA	NA
40	-276.112	-277.585	1.47341	2	4.69943	0	0000000202	0000000002	4.24934	anagenetic	34	NA	NA
40	-276.112	-277.585	1.47341	35	24.5118	1.80607	0000000202	0000000002	15.9543	anagenetic	36	1	0
40	-276.112	-277.585	1.47341	1	1.80607	0	0000000002	0000000002	NA	no_change	35	NA	NA
40	-276.112	-277.585	1.47341	0	1.80607	0	0000000002	0000000002	NA	no_change	35	NA	NA
50	-327.598	-328.982	1.38372	38	100	100	0222022202	0222022202	NA	no_change	NA	29	37
50	-327.598	-328.982	1.38372	29	100	53.7733	0222022202	0222022002	94.7608	anagenetic	38	24	28
50	-327.598	-328.982	1.38372	29	100	53.7733	0222022002	0022022002	88.4793	anagenetic	38	24	28
50	-327.598	-328.982	1.38372	29	100	53.7733	0022022002	0022020002	83.0714	anagenetic	38	24	28
50	-327.598	-328.982	1.38372	29	100	53.7733	0022020002	0022000002	75.8443	anagenetic	38	24	28
50	-327.598	-328.982	1.38372	29	100	53.7733	0022000002	0022000000	70.9982	anagenetic	38	24	28
50	-327.598	-328.982	1.38372	29	100	53.7733	0022000000	2022000000	64.7385	anagenetic	38	24	28
50	-327.598	-328.982	1.38372	29	100	53.7733	2022000000	2020000000	56.4555	anagenetic	38	24	28
50	-327.598	-328.982	1.38372	24	53.7733	41.0953	2020000000	2220000000	48.7692	anagenetic	29	20	23
50	-327.598	-328.982	1.38372	20	41.0953	27.4649	2220000000	2220200000	36.3495	anagenetic	24	19	18
50	-327.598	-328.982	1.38372	19	27.4649	0	2220200000	2220000000	7.5833	anagenetic	20	NA	NA
50	-327.598	-328.982	1.38372	18	27.4649	0	2220200000	2220000000	21.8507	anagenetic	20	NA	NA
50	-327.598	-328.982	1.38372	18	27.4649	0	2220000000	0220000000	18.6975	anagenetic	20	NA	NA
50	-327.598	-328.982	1.38372	18	27.4649	0	0220000000	2220000000	14.2099	anagenetic	20	NA	NA
50	-327.598	-328.982	1.38372	18	27.4649	0	2220000000	2020000000	13.7838	anagenetic	20	NA	NA
50	-327.598	-328.982	1.38372	18	27.4649	0	2020000000	2220000000	6.91942	anagenetic	20	NA	NA
50	-327.598	-328.982	1.38372	18	27.4649	0	2220000000	2200000000	4.18049	anagenetic	20	NA	NA
50	-327.598	-328.982	1.38372	23	41.0953	18.5117	2220000000	2200000000	38.882	anagenetic	24	21	22
50	-327.598	-328.982	1.38372	23	41.0953	18.5117	2200000000	2202000000	24.4163	anagenetic	24	21	22
50	-327.598	-328.982	1.38372	21	18.5117	9.59126	2202000000	2222000000	10.0656	anagenetic	23	17	16
50	-327.598	-328.982	1.38372	17	9.59126	0	2222000000	2220000000	5.96477	anagenetic	21	NA	NA
50	-327.598	-328.982	1.38372	17	9.59126	0	2220000000	2020000000	2.5984	anagenetic	21	NA	NA
50	-327.598	-328.982	1.38372	16	9.59126	0	2222000000	2202000000	7.45558	anagenetic	21	NA	NA
50	-327.598	-328.982	1.38372	22	18.5117	5.09011	2202000000	2002000000	5.20155	anagenetic	23	15	14
50	-327.598	-328.982	1.38372	15	5.09011	0	2002000000	2000000000	2.02585	anagenetic	22	NA	NA
50	-327.598	-328.982	1.38372	14	5.09011	0	2002000000	2002200000	4.88814	anagenetic	22	NA	NA
50	-327.598	-328.982	1.38372	14	5.09011	0	2002200000	0002200000	4.54772	anagenetic	22	NA	NA
50	-327.598	-328.982	1.38372	28	53.7733	13.5907	2020000000	0020000000	39.1373	anagenetic	29	26	27
50	-327.598	-328.982	1.38372	28	53.7733	13.5907	0020000000	0022000000	33.727	anagenetic	29	26	27
50	-327.598	-328.982	1.38372	28	53.7733	13.5907	0022000000	0022002000	32.989	anagenetic	29	26	27
50	-327.598	-328.982	1.38372	28	53.7733	13.5907	0022002000	0022002200	17.8614	anagenetic	29	26	27
50	-327.598	-328.982	1.38372	28	53.7733	13.5907	0022002200	0002002200	16.6943	anagenetic	29	26	27
50	-327.598	-328.982	1.38372	28	53.7733	13.5907	0002002200	0002002000	15.071	anagenetic	29	26	27
50	-327.598	-328.982	1.38372	28	53.7733	13.5907	0002002000	0000002000	14.5284	anagenetic	29	26	27
50	-327.598	-328.982	1.38372	26	13.5907	7.64874	0000002000	0002002000	11.213	anagenetic	28	13	25
50	-327.598	-328.982	1.38372	13	7.64874	0	0002002000	0002202000	3.08926	anagenetic	26	NA	NA
50	-327.598	-328.982	1.38372	13	7.64874	0	0002202000	0002200000	0.557114	anagenetic	26	NA	NA
50	-327.598	-328.982	1.38372	25	7.64874	0.268772	0002002000	0002000000	1.36409	anagenetic	26	12	11
50	-327.598	-328.982	1.38372	12	0.268772	0	0002000000	0002020000	0.0805981	anagenetic	25	NA	NA
50	-327.598	-328.982	1.38372	11	0.268772	0	0002000000	0002002000	0.219776	anagenetic	25	NA	NA
50	-327.598	-328.982	1.38372	27	13.5907	11.2416	0000002000	0000002200	12.712	anagenetic	28	10	9
50	-327.598	-328.982	1.38372	10	11.2416	0	0000002200	0000002200	NA	no_change	27	NA	NA
50	-327.598	-328.982	1.38372	9	11.2416	0	0000002200	0000002200	NA	no_change	27	NA	NA
50	-327.598	-328.982	1.38372	37	100	44.4225	0222022202	0222020202	96.0147	anagenetic	38	33	36
50	-327.598	-328.982	1.38372	37	100	44.4225	0222020202	0022020202	84.4027	anagenetic	38	33	36
50	-327.598	-328.982	1.38372	37	100	44.4225	0022020202	0002020202	74.5631	anagenetic	38	33	36
50	-327.598	-328.982	1.38372	37	100	44.4225	0002020202	0000020202	69.5314	anagenetic	38	33	36
50	-327.598	-328.982	1.38372	33	44.4225	34.1231	0000020202	0000020002	38.9574	anagenetic	37	8	32
50	-327.598	-328.982	1.38372	33	44.4225	34.1231	0000020002	0000022002	34.1264	anagenetic	37	8	32
50	-327.598	-328.982	1.38372	8	34.1231	0	0000022002	0000002002	33.3817	anagenetic	33	NA	NA
50	-327.598	-328.982	1.38372	8	34.1231	0	0000002002	0200002002	30.007	anagenetic	33	NA	NA
50	-327.598	-328.982	1.38372	8	34.1231	0	0200002002	0200002000	4.64214	anagenetic	33	NA	NA
50	-327.598	-328.982	1.38372	32	34.1231	6.82731	0000022002	0000022000	34.1117	anagenetic	33	31	4
50	-327.598	-328.982	1.38372	32	34.1231	6.82731	0000022000	0000020000	32.8682	anagenetic	33	31	4
50	-327.598	-328.982	1.38372	32	34.1231	6.82731	0000020000	0000020020	29.8494	anagenetic	33	31	4
50	-327.598	-328.982	1.38372	32	34.1231	6.82731	0000020020	2000020020	28.7464	anagenetic	33	31	4
50	-327.598	-328.982	1.38372	32	34.1231	6.82731	2000020020	2000000020	26.6688	anagenetic	33	31	4
50	-327.598	-328.982	1.38372	31	6.82731	4.77017	2000000020	2000000220	6.52304	anagenetic	32	30	5
50	-327.598	-328.982	1.38372	31	6.82731	4.77017	2000000220	0000000220	5.14989	anagenetic	32	30	5
50	-327.598	-328.982	1.38372	30	4.77017	3.27877	0000000220	0000000220	NA	no_change	31	7	6
50	-327.598	-328.982	1.38372	7	3.27877	0	0000000220	0000000220	NA	no_change	30	NA	NA
50	-327.598	-328.982	1.38372	6	3.27877	0	0000000220	0000000200	0.741366	anagenetic	30	NA	NA
50	-327.598	-328.982	1.38372	5	4.77017	0	0000000220	0000000220	NA	no_change	31	NA	NA
50	-327.598	-328.982	1.38372	4	6.82731	0	2000000020	2000000020	NA	no_change	32	NA	NA
50	-327.598	-328.982	1.38372	36	44.4225	24.5118	0000020202	0000000202	36.7254	anagenetic	37	34	35
50	-327.598	-328.982	1.38372	34	24.5118	4.69943	0000000202	0000000202	NA	no_change	36	3	2
50	-327.598	-328.982	1.38372	3	4.69943	0	0000000202	0000000200	0.853741	anagenetic	34	NA	NA
50	-327.598	-328.982	1.38372	2	4.69943	0	0000000202	0000000002	0.650197	anagenetic	34	NA	NA
50	-327.598	-328.982	1.38372	35	24.5118	1.80607	0000000202	0000000002	9.24791	anagenetic	36	1	0
50	-327.598	-328.982	1.38372	1	1.80607	0	0000000002	0000000002	NA	no_change	35	NA	NA
50	-327.598	-328.982	1.38372	0	1.80607	0	0000000002	0000000002	NA	no_change	35	NA	NA
60	-255.714	-257.128	1.41338	38	100	100	0222022202	0222022202	NA	no_change	NA	29	37
60	-255.714	-257.128	1.41338	29	100	53.7733	0222022202	0222002202	99.6629	anagenetic	38	24	28
60	-255.714	-257.128	1.41338	29	100	53.7733	0222002202	0222000202	92.6032	anagenetic	38	24	28
60	-255.714	-257.128	1.41338	29	100	53.7733	0222000202	0222000200	89.052	anagenetic	38	24	28
60	-255.714	-257.128	1.41338	29	100	53.7733	0222000200	2222000200	79.4742	anagenetic	38	24	28
60	-255.714	-257.128	1.41338	29	100	53.7733	2222000200	2220000200	65.35	anagenetic	38	24	28
60	-255.714	-257.128	1.41338	24	53.7733	41.0953	2220000200	2220000000	44.796	anagenetic	29	20	23
60	-255.714	-257.128	1.41338	20	41.0953	27.4649	2220000000	2220000000	NA	no_change	24	19	18
60	-255.714	-257.128	1.41338	19	27.4649	0	2220000000	2220000000	NA	no_change	20	NA	NA
60	-255.714	-257.128	1.41338	18	27.4649	0	2220000000	2200000000	1.7833	anagenetic	20	NA	NA
60	-255.714	-257.128	1.41338	23	41.0953	18.5117	2220000000	2200000000	33.3216	anagenetic	24	21	22
60	-255.714	-257.128	1.41338	21	18.5117	9.59126	2200000000	2200000000	NA	no_change	23	17	16
60	-255.714	-257.128	1.41338	17	9.59126	0	2200000000	2220000000	7.76356	anagenetic	21	NA	NA
60	-255.714	-257.128	1.41338	17	9.59126	0	2220000000	2020000000	1.62227	anagenetic	21	NA	NA
60	-255.714	-257.128	1.41338	16	9.59126	0	2200000000	2202000000	1.60295	anagenetic	21	NA	NA
60	-255.714	-257.128	1.41338	22	18.5117	5.09011	2200000000	2000000000	12.3665	anagenetic	23	15	14
60	-255.714	-257.128	1.41338	15	5.09011	0	2000000000	2000000000	NA	no_change	22	NA	NA
60	-255.714	-257.128	1.41338	14	5.09011	0	2000000000	2000200000	2.63292	anagenetic	22	NA	NA
60	-255.714	-257.128	1.41338	14	5.09011	0	2000200000	2002200000	1.98166	anagenetic	22	NA	NA
60	-255.714	-257.128	1.41338	14	5.09011	0	2002200000	0002200000	0.20031	anagenetic	22	NA	NA
60	-255.714	-257.128	1.41338	28	53.7733	13.5907	2220000200	2020000200	52.6874	anagenetic	29	26	27
60	-255.714	-257.128	1.41338	28	53.7733	13.5907	2020000200	0020000200	38.8219	anagenetic	29	26	27
60	-255.714	-257.128	1.41338	28	53.7733	13.5907	0020000200	0020000000	29.9267	anagenetic	29	26	27
60	-255.714	-257.128	1.41338	28	53.7733	13.5907	0020000000	0020000200	21.7099	anagenetic	29	26	27
60	-255.714	-257.128	1.41338	28	53.7733	13.5907	0020000200	0000000200	17.8352	anagenetic	29	26	27
60	-255.714	-257.128	1.41338	28	53.7733	13.5907	0000000200	0000002200	16.8939	anagenetic	29	26	27
60	-255.714	-257.128	1.41338	26	13.5907	7.64874	0000002200	0002002200	13.4106	anagenetic	28	13	25
60	-255.714	-257.128	1.41338	26	13.5907	7.64874	0002002200	0002002000	9.93323	anagenetic	28	13	25
60	-255.714	-257.128	1.41338	13	7.64874	0	0002002000	0002000000	6.30553	anagenetic	26	NA	NA
60	-255.714	-257.128	1.41338	13	7.64874	0	0002000000	0002200000	3.98317	anagenetic	26	NA	NA
60	-255.714	-257.128	1.41338	25	7.64874	0.268772	0002002000	0002002000	NA	no_change	26	12	11
60	-255.714	-257.128	1.41338	12	0.268772	0	0002002000	0002022000	0.193125	anagenetic	25	NA	NA
60	-255.714	-257.128	1.41338	12	0.268772	0	0002022000	0002020000	0.075227	anagenetic	25	NA	NA
60	-255.714	-257.128	1.41338	11	0.268772	0	0002002000	0002002000	NA	no_change	25	NA	NA
60	-255.714	-257.128	1.41338	27	13.5907	11.2416	0000002200	0000002200	NA	no_change	28	10	9
60	-255.714	-257.128	1.41338	10	11.2416	0	0000002200	0000002200	NA	no_change	27	NA	NA
60	-255.714	-257.128	1.41338	9	11.2416	0	0000002200	0000002200	NA	no_change	27	NA	NA
60	-255.714	-257.128	1.41338	37	100	44.4225	0222022202	0022022202	83.7645	anagenetic	38	33	36
60	-255.714	-257.128	1.41338	37	100	44.4225	0022022202	0022022002	81.2102	anagenetic	38	33	36
60	-255.714	-257.128	1.41338	37	100	44.4225	0022022002	0002022002	67.6177	anagenetic	38	33	36
60	-255.714	-257.128	1.41338	37	100	44.4225	0002022002	0002002002	48.7485	anagenetic	38	33	36
60	-255.714	-257.128	1.41338	37	100	44.4225	0002002002	0000002002	47.5739	anagenetic	38	33	36
60	-255.714	-257.128	1.41338	33	44.4225	34.1231	0000002002	0000002002	NA	no_change	37	8	32
60	-255.714	-257.128	1.41338	8	34.1231	0	0000002002	0000002000	15.7823	anagenetic	33	NA	NA
60	-255.714	-257.128	1.41338	8	34.1231	0	0000002000	0000202000	14.3474	anagenetic	33	NA	NA
60	-255.714	-257.128	1.41338	8	34.1231	0	0000202000	0200202000	12.0221	anagenetic	33	NA	NA
60	-255.714	-257.128	1.41338	8	34.1231	0	0200202000	0200002000	0.628913	anagenetic	33	NA	NA
60	-255.714	-257.128	1.41338	32	34.1231	6.82731	0000002002	0000002000	32.983	anagenetic	33	31	4
60	-255.714	-257.128	1.41338	32	34.1231	6.82731	0000002000	0000002020	28.9395	anagenetic	33	31	4
60	-255.714	-257.128	1.41338	32	34.1231	6.82731	0000002020	0000000020	14.1196	anagenetic	33	31	4
60	-255.714	-257.128	1.41338	31	6.82731	4.77017	0000000020	0000000220	6.00731	anagenetic	32	30	5
60	-255.714	-257.128	1.41338	30	4.77017	3.27877	0000000220	0000000220	NA	no_change	31	7	6
60	-255.714	-257.128	1.41338	7	3.27877	0	0000000220	0000000220	NA	no_change	30	NA	NA
60	-255.714	-257.128	1.41338	6	3.27877	0	0000000220	0000000200	0.632758	anagenetic	30	NA	NA
60	-255.714	-257.128	1.41338	5	4.77017	0	0000000220	0000000220	NA	no_change	31	NA	NA
60	-255.714	-257.128	1.41338	4	6.82731	0	0000000020	2000000020	3.48571	anagenetic	32	NA	NA
60	-255.714	-257.128	1.41338	36	44.4225	24.5118	0000002002	0000000002	26.5037	anagenetic	37	34	35
60	-255.714	-257.128	1.41338	34	24.5118	4.69943	0000000002	0000000002	NA	no_change	36	3	2
60	-255.714	-257.128	1.41338	3	4.69943	0	0000000002	0000000202	2.94467	anagenetic	34	NA	NA
60	-255.714	-257.128	1.41338	3	4.69943	0	0000000202	0000000200	0.669992	anagenetic	34	NA	NA
60	-255.714	-257.128	1.41338	2	4.69943	0	0000000002	0000000002	NA	no_change	34	NA	NA
60	-255.714	-257.128	1.41338	35	24.5118	1.80607	0000000002	0000000002	NA	no_change	36	1	0
60	-255.714	-257.128	1.41338	1	1.80607	0	0000000002	0000000002	NA	no_change	35	NA	NA
60	-255.714	-257.128	1.41338	0	1.80607	0	0000000002	0000000002	NA	no_change	35	NA	NA
70	-298.488	-299.689	1.20134	38	100	100	0220002202	0220002202	NA	no_change	NA	29	37
70	-298.488	-299.689	1.20134	29	100	53.7733	0220002202	0220002202	NA	no_change	38	24	28
70	-298.488	-299.689	1.20134	24	53.7733	41.0953	0220002202	0200002202	52.7659	anagenetic	29	20	23
70	-298.488	-299.689	1.20134	24	53.7733	41.0953	0200002202	0220002202	44.7129	anagenetic	29	20	23
70	-298.488	-299.689	1.20134	24	53.7733	41.0953	0220002202	0220002200	43.6018	anagenetic	29	20	23
70	-298.488	-299.689	1.20134	24	53.7733	41.0953	0220002200	0220002000	43.4693	anagenetic	29	20	23
70	-298.488	-299.689	1.20134	24	53.7733	41.0953	0220002000	2220002000	43.3584	anagenetic	29	20	23
70	-298.488	-299.689	1.20134	24	53.7733	41.0953	2220002000	2220000000	42.7309	anagenetic	29	20	23
70	-298.488	-299.689	1.20134	20	41.0953	27.4649	2220000000	2220000000	NA	no_change	24	19	18
70	-298.488	-299.689	1.20134	19	27.4649	0	2220000000	2220000020	26.0203	anagenetic	20	NA	NA
70	-298.488	-299.689	1.20134	19	27.4649	0	2220000020	2220000000	4.39388	anagenetic	20	NA	NA
70	-298.488	-299.689	1.20134	18	27.4649	0	2220000000	2200000000	3.00125	anagenetic	20	NA	NA
70	-298.488	-299.689	1.20134	23	41.0953	18.5117	2220000000	2200000000	25.5466	anagenetic	24	21	22
70	-298.488	-299.689	1.20134	23	41.0953	18.5117	2200000000	2000000000	20.2697	anagenetic	24	21	22
70	-298.488	-299.689	1.20134	21	18.5117	9.59126	2000000000	2000000000	NA	no_change	23	17	16
70	-298.488	-299.689	1.20134	17	9.59126	0	2000000000	2020000000	4.90583	anagenetic	21	NA	NA
70	-298.488	-299.689	1.20134	16	9.59126	0	2000000000	2200000000	5.72095	anagenetic	21	NA	NA
70	-298.488	-299.689	1.20134	16	9.59126	0	2200000000	2202000000	2.31243	anagenetic	21	NA	NA
70	-298.488	-299.689	1.20134	22	18.5117	5.09011	2000000000	2000000000	NA	no_change	23	15	14
70	-298.488	-299.689	1.20134	15	5.09011	0	2000000000	2000000000	NA	no_change	22	NA	NA
70	-298.488	-299.689	1.20134	14	5.09011	0	2000000000	2000200000	4.3478	anagenetic	22	NA	NA
70	-298.488	-299.689	1.20134	14	5.09011	0	2000200000	0000200000	3.3693	anagenetic	22	NA	NA
70	-298.488	-299.689	1.20134	14	5.09011	0	0000200000	0002200000	0.36648	anagenetic	22	NA	NA
70	-298.488	-299.689	1.20134	28	53.7733	13.5907	0220002202	2220002202	45.7079	anagenetic	29	26	27
70	-298.488	-299.689	1.20134	28	53.7733	13.5907	2220002202	2220002200	44.7489	anagenetic	29	26	27
70	-298.488	-299.689	1.20134	28	53.7733	13.5907	2220002200	2222002200	36.7071	anagenetic	29	26	27
70	-298.488	-299.689	1.20134	28	53.7733	13.5907	2222002200	2202002200	24.1687	anagenetic	29	26	27
70	-298.488	-299.689	1.20134	28	53.7733	13.5907	2202002200	0202002200	17.9895	anagenetic	29	26	27
70	-298.488	-299.689	1.20134	26	13.5907	7.64874	0202002200	0002002200	12.2942	anagenetic	28	13	25
70	-298.488	-299.689	1.20134	26	13.5907	7.64874	0002002200	0002002000	11.2524	anagenetic	28	13	25
70	-298.488	-299.689	1.20134	13	7.64874	0	0002002000	0002000000	7.0399	anagenetic	26	NA	NA
70	-298.488	-299.689	1.20134	13	7.64874	0	0002000000	0002200000	4.58793	anagenetic	26	NA	NA
70	-298.488	-299.689	1.20134	25	7.64874	0.268772	0002002000	0002002000	NA	no_change	26	12	11
70	-298.488	-299.689	1.20134	12	0.268772	0	0002002000	0002000000	0.208609	anagenetic	25	NA	NA
70	-298.488	-299.689	1.20134	12	0.268772	0	0002000000	0002020000	0.0656373	anagenetic	25	NA	NA
70	-298.488	-299.689	1.20134	11	0.268772	0	0002002000	0002002000	NA	no_change	25	NA	NA
70	-298.488	-299.689	1.20134	27	13.5907	11.2416	0202002200	0002002200	12.3077	anagenetic	28	10	9
70	-298.488	-299.689	1.20134	27	13.5907	11.2416	0002002200	0000002200	11.5519	anagenetic	28	10	9
70	-298.488	-299.689	1.20134	10	11.2416	0	0000002200	0000002200	NA	no_change	27	NA	NA
70	-298.488	-299.689	1.20134	9	11.2416	0	0000002200	0000002200	NA	no_change	27	NA	NA
70	-298.488	-299.689	1.20134	37	100	44.4225	0220002202	0020002202	97.9648	anagenetic	38	33	36
70	-298.488	-299.689	1.20134	37	100	44.4225	0020002202	0000002202	70.2739	anagenetic	38	33	36
70	-298.488	-299.689	1.20134	37	100	44.4225	0000002202	0000002002	53.2871	anagenetic	38	33	36
70	-298.488	-299.689	1.20134	33	44.4225	34.1231	0000002002	0000002002	NA	no_change	37	8	32
70	-298.488	-299.689	1.20134	8	34.1231	0	0000002002	0000002000	24.1474	anagenetic	33	NA	NA
70	-298.488	-299.689	1.20134	8	34.1231	0	0000002000	0000002020	24.1144	anagenetic	33	NA	NA
70	-298.488	-299.689	1.20134	8	34.1231	0	0000002020	0000002000	18.3513	anagenetic	33	NA	NA
70	-298.488	-299.689	1.20134	8	34.1231	0	0000002000	0200002000	14.5627	anagenetic	33	NA	NA
70	-298.488	-299.689	1.20134	32	34.1231	6.82731	0000002002	0000002000	33.4513	anagenetic	33	31	4
70	-298.488	-299.689	1.20134	32	34.1231	6.82731	0000002000	0000002200	32.7309	anagenetic	33	31	4
70	-298.488	-299.689	1.20134	32	34.1231	6.82731	0000002200	0000000200	20.6579	anagenetic	33	31	4
70	-298.488	-299.689	1.20134	32	34.1231	6.82731	0000000200	2000000200	12.6393	anagenetic	33	31	4
70	-298.488	-299.689	1.20134	32	34.1231	6.82731	2000000200	2000000220	8.30308	anagenetic	33	31	4
70	-298.488	-299.689	1.20134	32	34.1231	6.82731	2000000220	0000000220	8.14155	anagenetic	33	31	4
70	-298.488	-299.689	1.20134	31	6.82731	4.77017	0000000220	0000000220	NA	no_change	32	30	5
70	-298.488	-299.689	1.20134	30	4.77017	3.27877	0000000220	0000000220	NA	no_change	31	7	6
70	-298.488	-299.689	1.20134	7	3.27877	0	0000000220	0000000220	NA	no_change	30	NA	NA
70	-298.488	-299.689	1.20134	6	3.27877	0	0000000220	0000000200	3.04532	anagenetic	30	NA	NA
70	-298.488	-299.689	1.20134	5	4.77017	0	0000000220	0000000220	NA	no_change	31	NA	NA
70	-298.488	-299.689	1.20134	4	6.82731	0	0000000220	0000020220	3.62372	anagenetic	32	NA	NA
70	-298.488	-299.689	1.20134	4	6.82731	0	0000020220	0000000220	3.28544	anagenetic	32	NA	NA
70	-298.488	-299.689	1.20134	4	6.82731	0	0000000220	2000000220	2.69732	anagenetic	32	NA	NA
70	-298.488	-299.689	1.20134	4	6.82731	0	2000000220	2000000020	1.57521	anagenetic	32	NA	NA
70	-298.488	-299.689	1.20134	36	44.4225	24.5118	0000002002	0002002002	40.5355	anagenetic	37	34	35
70	-298.488	-299.689	1.20134	36	44.4225	24.5118	0002002002	0000002002	36.2387	anagenetic	37	34	35
70	-298.488	-299.689	1.20134	36	44.4225	24.5118	0000002002	0000000002	32.9661	anagenetic	37	34	35
70	-298.488	-299.689	1.20134	34	24.5118	4.69943	0000000002	0000000002	NA	no_change	36	3	2
70	-298.488	-299.689	1.20134	3	4.69943	0	0000000002	0000000202	2.33341	anagenetic	34	NA	NA
70	-298.488	-299.689	1.20134	3	4.69943	0	0000000202	0000000200	0.377537	anagenetic	34	NA	NA
70	-298.488	-299.689	1.20134	2	4.69943	0	0000000002	0000000002	NA	no_change	34	NA	NA
70	-298.488	-299.689	1.20134	35	24.5118	1.80607	0000000002	0000000002	NA	no_change	36	1	0
70	-298.488	-299.689	1.20134	1	1.80607	0	0000000002	0000000002	NA	no_change	35	NA	NA
70	-298.488	-299.689	1.20134	0	1.80607	0	0000000002	0000000002	NA	no_change	35	NA	NA
80	-286.874	-288.532	1.65789	38	100	100	0220002202	0220002202	NA	no_change	NA	29	37
80	-286.874	-288.532	1.65789	29	100	53.7733	0220002202	0220002002	87.8575	anagenetic	38	24	28
80	-286.874	-288.532	1.65789	29	100	53.7733	0220002002	0220002000	87.3793	anagenetic	38	24	28
80	-286.874	-288.532	1.65789	29	100	53.7733	0220002000	2220002000	74.4389	anagenetic	38	24	28
80	-286.874	-288.532	1.65789	29	100	53.7733	2220002000	2220000000	59.529	anagenetic	38	24	28
80	-286.874	-288.532	1.65789	24	53.7733	41.0953	2220000000	2220000000	NA	no_change	29	20	23
80	-286.874	-288.532	1.65789	20	41.0953	27.4649	2220000000	2220000000	NA	no_change	24	19	18
80	-286.874	-288.532	1.65789	19	27.4649	0	2220000000	2220000000	NA	no_change	20	NA	NA
80	-286.874	-288.532	1.65789	18	27.4649	0	2220000000	2200000000	21.0163	anagenetic	20	NA	NA
80	-286.874	-288.532	1.65789	18	27.4649	0	2200000000	2220000000	10.2377	anagenetic	20	NA	NA
80	-286.874	-288.532	1.65789	18	27.4649	0	2220000000	2200000000	4.21976	anagenetic	20	NA	NA
80	-286.874	-288.532	1.65789	23	41.0953	18.5117	2220000000	2020000000	35.4719	anagenetic	24	21	22
80	-286.874	-288.532	1.65789	21	18.5117	9.59126	2020000000	2000000000	9.84982	anagenetic	23	17	16
80	-286.874	-288.532	1.65789	17	9.59126	0	2000000000	2020000000	1.1477	anagenetic	21	NA	NA
80	-286.874	-288.532	1.65789	16	9.59126	0	2000000000	2002000000	7.82959	anagenetic	21	NA	NA
80	-286.874	-288.532	1.65789	16	9.59126	0	2002000000	2202000000	4.71638	anagenetic	21	NA	NA
80	-286.874	-288.532	1.65789	22	18.5117	5.09011	2020000000	2020200000	13.5067	anagenetic	23	15	14
80	-286.874	-288.532	1.65789	22	18.5117	5.09011	2020200000	2022200000	12.1609	anagenetic	23	15	14
80	-286.874	-288.532	1.65789	22	18.5117	5.09011	2022200000	2002200000	5.30151	anagenetic	23	15	14
80	-286.874	-288.532	1.65789	15	5.09011	0	2002200000	2000200000	2.91361	anagenetic	22	NA	NA
80	-286.874	-288.532	1.65789	15	5.09011	0	2000200000	2000000000	1.78879	anagenetic	22	NA	NA
80	-286.874	-288.532	1.65789	14	5.09011	0	2002200000	0002200000	4.42738	anagenetic	22	NA	NA
80	-286.874	-288.532	1.65789	28	53.7733	13.5907	2220000000	0220000000	53.168	anagenetic	29	26	27
80	-286.874	-288.532	1.65789	28	53.7733	13.5907	0220000000	0200000000	44.0073	anagenetic	29	26	27
80	-286.874	-288.532	1.65789	28	53.7733	13.5907	0200000000	0200002000	39.7012	anagenetic	29	26	27
80	-286.874	-288.532	1.65789	28	53.7733	13.5907	0200002000	0202002000	36.672	anagenetic	29	26	27
80	-286.874	-288.532	1.65789	28	53.7733	13.5907	0202002000	0002002000	33.077	anagenetic	29	26	27
80	-286.874	-288.532	1.65789	28	53.7733	13.5907	0002002000	0002002200	26.5352	anagenetic	29	26	27
80	-286.874	-288.532	1.65789	26	13.5907	7.64874	0002002200	0002002000	11.4964	anagenetic	28	13	25
80	-286.874	-288.532	1.65789	13	7.64874	0	0002002000	0002000000	5.6383	anagenetic	26	NA	NA
80	-286.874	-288.532	1.65789	13	7.64874	0	0002000000	0002200000	5.24651	anagenetic	26	NA	NA
80	-286.874	-288.532	1.65789	25	7.64874	0.268772	0002002000	0002002000	NA	no_change	26	12	11
80	-286.874	-288.532	1.65789	12	0.268772	0	0002002000	0002000000	0.201122	anagenetic	25	NA	NA
80	-286.874	-288.532	1.65789	12	0.268772	0	0002000000	0002020000	0.00579637	anagenetic	25	NA	NA
80	-286.874	-288.532	1.65789	11	0.268772	0	0002002000	0002002000	NA	no_change	25	NA	NA
80	-286.874	-288.532	1.65789	27	13.5907	11.2416	0002002200	0000002200	13.3448	anagenetic	28	10	9
80	-286.874	-288.532	1.65789	10	11.2416	0	0000002200	0020002200	5.35384	anagenetic	27	NA	NA
80	-286.874	-288.532	1.65789	10	11.2416	0	0020002200	0000002200	0.838721	anagenetic	27	NA	NA
80	-286.874	-288.532	1.65789	9	11.2416	0	0000002200	0000002000	5.56589	anagenetic	27	NA	NA
80	-286.874	-288.532	1.65789	9	11.2416	0	0000002000	0000002200	3.07231	anagenetic	27	NA	NA
80	-286.874	-288.532	1.65789	37	100	44.4225	0220002202	0200002202	96.4141	anagenetic	38	33	36
80	-286.874	-288.532	1.65789	37	100	44.4225	0200002202	0000002202	95.7871	anagenetic	38	33	36
80	-286.874	-288.532	1.65789	37	100	44.4225	0000002202	0000002002	64.3658	anagenetic	38	33	36
80	-286.874	-288.532	1.65789	33	44.4225	34.1231	0000002002	0000002002	NA	no_change	37	8	32
80	-286.874	-288.532	1.65789	8	34.1231	0	0000002002	0000002000	26.2409	anagenetic	33	NA	NA
80	-286.874	-288.532	1.65789	8	34.1231	0	0000002000	0000002020	24.1144	anagenetic	33	NA	NA
80	-286.874	-288.532	1.65789	8	34.1231	0	0000002020	0000002000	18.3513	anagenetic	33	NA	NA
80	-286.874	-288.532	1.65789	8	34.1231	0	0000002000	0200002000	8.91744	anagenetic	33	NA	NA
80	-286.874	-288.532	1.65789	32	34.1231	6.82731	0000002002	0000002000	28.9976	anagenetic	33	31	4
80	-286.874	-288.532	1.65789	32	34.1231	6.82731	0000002000	0000002200	28.0223	anagenetic	33	31	4
80	-286.874	-288.532	1.65789	32	34.1231	6.82731	0000002200	0000000200	27.822	anagenetic	33	31	4
80	-286.874	-288.532	1.65789	32	34.1231	6.82731	0000000200	0000000220	27.4636	anagenetic	33	31	4
80	-286.874	-288.532	1.65789	32	34.1231	6.82731	0000000220	0000000020	23.5155	anagenetic	33	31	4
80	-286.874	-288.532	1.65789	31	6.82731	4.77017	0000000020	0000000220	6.43175	anagenetic	32	30	5
80	-286.874	-288.532	1.65789	30	4.77017	3.27877	0000000220	0000000220	NA	no_change	31	7	6
80	-286.874	-288.532	1.65789	7	3.27877	0	0000000220	0000000220	NA	no_change	30	NA	NA
80	-286.874	-288.532	1.65789	6	3.27877	0	0000000220	0000000200	2.33952	anagenetic	30	NA	NA
80	-286.874	-288.532	1.65789	5	4.77017	0	0000000220	0000000220	NA	no_change	31	NA	NA
80	-286.874	-288.532	1.65789	4	6.82731	0	0000000020	2000000020	3.69506	anagenetic	32	NA	NA
80	-286.874	-288.532	1.65789	36	44.4225	24.5118	0000002002	0000000002	33.3747	anagenetic	37	34	35
80	-286.874	-288.532	1.65789	34	24.5118	4.69943	0000000002	0000000002	NA	no_change	36	3	2
80	-286.874	-288.532	1.65789	3	4.69943	0	0000000002	0000000202	4.34414	anagenetic	34	NA	NA
80	-286.874	-288.532	1.65789	3	4.69943	0	0000000202	0000000200	2.16065	anagenetic	34	NA	NA
80	-286.874	-288.532	1.65789	2	4.69943	0	0000000002	0000000002	NA	no_change	34	NA	NA
80	-286.874	-288.532	1.65789	35	24.5118	1.80607	0000000002	0000000002	NA	no_change	36	1	0
80	-286.874	-288.532	1.65789	1	1.80607	0	0000000002	0000000002	NA	no_change	35	NA	NA
80	-286.874	-288.532	1.65789	0	1.80607	0	0000000002	0000000002	NA	no_change	35	NA	NA
90	-239.632	-241.221	1.58917	38	100	100	0220002202	0220002202	NA	no_change	NA	29	37
90	-239.632	-241.221	1.58917	29	100	53.7733	0220002202	0220000202	97.6645	anagenetic	38	24	28
90	-239.632	-241.221	1.58917	29	100	53.7733	0220000202	0220000200	68.2973	anagenetic	38	24	28
90	-239.632	-241.221	1.58917	29	100	53.7733	0220000200	0220000000	64.986	anagenetic	38	24	28
90	-239.632	-241.221	1.58917	29	100	53.7733	0220000000	0222000000	55.8685	anagenetic	38	24	28
90	-239.632	-241.221	1.58917	24	53.7733	41.0953	0222000000	0202000000	52.1476	anagenetic	29	20	23
90	-239.632	-241.221	1.58917	24	53.7733	41.0953	0202000000	2202000000	43.7596	anagenetic	29	20	23
90	-239.632	-241.221	1.58917	20	41.0953	27.4649	2202000000	2200000000	37.1794	anagenetic	24	19	18
90	-239.632	-241.221	1.58917	20	41.0953	27.4649	2200000000	2220000000	34.7919	anagenetic	24	19	18
90	-239.632	-241.221	1.58917	19	27.4649	0	2220000000	2220000000	NA	no_change	20	NA	NA
90	-239.632	-241.221	1.58917	18	27.4649	0	2220000000	2200000000	22.5761	anagenetic	20	NA	NA
90	-239.632	-241.221	1.58917	23	41.0953	18.5117	2202000000	2202000000	NA	no_change	24	21	22
90	-239.632	-241.221	1.58917	21	18.5117	9.59126	2202000000	2002000000	17.4316	anagenetic	23	17	16
90	-239.632	-241.221	1.58917	17	9.59126	0	2002000000	2022000000	4.36272	anagenetic	21	NA	NA
90	-239.632	-241.221	1.58917	17	9.59126	0	2022000000	2020000000	2.91213	anagenetic	21	NA	NA
90	-239.632	-241.221	1.58917	16	9.59126	0	2002000000	2202000000	2.34144	anagenetic	21	NA	NA
90	-239.632	-241.221	1.58917	22	18.5117	5.09011	2202000000	2202200000	11.059	anagenetic	23	15	14
90	-239.632	-241.221	1.58917	22	18.5117	5.09011	2202200000	2002200000	9.25346	anagenetic	23	15	14
90	-239.632	-241.221	1.58917	15	5.09011	0	2002200000	2002000000	4.95841	anagenetic	22	NA	NA
90	-239.632	-241.221	1.58917	15	5.09011	0	2002000000	2000000000	4.58289	anagenetic	22	NA	NA
90	-239.632	-241.221	1.58917	14	5.09011	0	2002200000	0002200000	4.04552	anagenetic	22	NA	NA
90	-239.632	-241.221	1.58917	28	53.7733	13.5907	0222000000	0022000000	52.6499	anagenetic	29	26	27
90	-239.632	-241.221	1.58917	28	53.7733	13.5907	0022000000	0002000000	38.1848	anagenetic	29	26	27
90	-239.632	-241.221	1.58917	28	53.7733	13.5907	0002000000	0002002000	33.892	anagenetic	29	26	27
90	-239.632	-241.221	1.58917	26	13.5907	7.64874	0002002000	0002202000	11.1394	anagenetic	28	13	25
90	-239.632	-241.221	1.58917	13	7.64874	0	0002202000	0002200000	3.06033	anagenetic	26	NA	NA
90	-239.632	-241.221	1.58917	25	7.64874	0.268772	0002202000	0002002000	6.0486	anagenetic	26	12	11
90	-239.632	-241.221	1.58917	12	0.268772	0	0002002000	0002000000	0.25861	anagenetic	25	NA	NA
90	-239.632	-241.221	1.58917	12	0.268772	0	0002000000	0002020000	0.196305	anagenetic	25	NA	NA
90	-239.632	-241.221	1.58917	11	0.268772	0	0002002000	0002002000	NA	no_change	25	NA	NA
90	-239.632	-241.221	1.58917	27	13.5907	11.2416	0002002000	0000002000	12.268	anagenetic	28	10	9
90	-239.632	-241.221	1.58917	27	13.5907	11.2416	0000002000	0000002200	11.5002	anagenetic	28	10	9
90	-239.632	-241.221	1.58917	10	11.2416	0	0000002200	0000002200	NA	no_change	27	NA	NA
90	-239.632	-241.221	1.58917	9	11.2416	0	0000002200	0000002200	NA	no_change	27	NA	NA
90	-239.632	-241.221	1.58917	37	100	44.4225	0220002202	0020002202	74.7608	anagenetic	38	33	36
90	-239.632	-241.221	1.58917	37	100	44.4225	0020002202	0020002002	61.4288	anagenetic	38	33	36
90	-239.632	-241.221	1.58917	37	100	44.4225	0020002002	0000002002	46.1861	anagenetic	38	33	36
90	-239.632	-241.221	1.58917	33	44.4225	34.1231	0000002002	0000002000	40.2397	anagenetic	37	8	32
90	-239.632	-241.221	1.58917	8	34.1231	0	0000002000	0200002000	17.0688	anagenetic	33	NA	NA
90	-239.632	-241.221	1.58917	32	34.1231	6.82731	0000002000	0000002200	23.9602	anagenetic	33	31	4
90	-239.632	-241.221	1.58917	32	34.1231	6.82731	0000002200	0000002220	12.5003	anagenetic	33	31	4
90	-239.632	-241.221	1.58917	32	34.1231	6.82731	0000002220	0000000220	11.554	anagenetic	33	31	4
90	-239.632	-241.221	1.58917	31	6.82731	4.77017	0000000220	0000000220	NA	no_change	32	30	5
90	-239.632	-241.221	1.58917	30	4.77017	3.27877	0000000220	0000000220	NA	no_change	31	7	6
90	-239.632	-241.221	1.58917	7	3.27877	0	0000000220	0000000220	NA	no_change	30	NA	NA
90	-239.632	-241.221	1.58917	6	3.27877	0	0000000220	0000000200	1.33603	anagenetic	30	NA	NA
90	-239.632	-241.221	1.58917	5	4.77017	0	0000000220	0000000220	NA	no_change	31	NA	NA
90	-239.632	-241.221	1.58917	4	6.82731	0	0000000220	0000000020	6.73449	anagenetic	32	NA	NA
90	-239.632	-241.221	1.58917	4	6.82731	0	0000000020	2000000020	1.49848	anagenetic	32	NA	NA
90	-239.632	-241.221	1.58917	36	44.4225	24.5118	0000002002	0000000002	34.3627	anagenetic	37	34	35
90	-239.632	-241.221	1.58917	34	24.5118	4.69943	0000000002	0000000002	NA	no_change	36	3	2
90	-239.632	-241.221	1.58917	3	4.69943	0	0000000002	0000000202	2.82292	anagenetic	34	NA	NA
90	-239.632	-241.221	1.58917	3	4.69943	0	0000000202	0000000200	1.79445	anagenetic	34	NA	NA
90	-239.632	-241.221	1.58917	2	4.69943	0	0000000002	0000000002	NA	no_change	34	NA	NA
90	-239.632	-241.221	1.58917	35	24.5118	1.80607	0000000002	0000000002	NA	no_change	36	1	0
90	-239.632	-241.221	1.58917	1	1.80607	0	0000000002	0000000002	NA	no_change	35	NA	NA
90	-239.632	-241.221	1.58917	0	1.80607	0	0000000002	0000000002	NA	no_change	35	NA	NA
100	-312.869	-314.401	1.53223	38	100	100	0220002202	0220002202	NA	no_change	NA	29	37
100	-312.869	-314.401	1.53223	29	100	53.7733	0220002202	0220002002	98.078	anagenetic	38	24	28
100	-312.869	-314.401	1.53223	29	100	53.7733	0220002002	0220002202	94.6102	anagenetic	38	24	28
100	-312.869	-314.401	1.53223	29	100	53.7733	0220002202	0220002002	83.9842	anagenetic	38	24	28
100	-312.869	-314.401	1.53223	29	100	53.7733	0220002002	0220000002	79.477	anagenetic	38	24	28
100	-312.869	-314.401	1.53223	29	100	53.7733	0220000002	2220000002	74.4998	anagenetic	38	24	28
100	-312.869	-314.401	1.53223	29	100	53.7733	2220000002	2220000000	66.8776	anagenetic	38	24	28
100	-312.869	-314.401	1.53223	29	100	53.7733	2220000000	2222000000	65.3844	anagenetic	38	24	28
100	-312.869	-314.401	1.53223	24	53.7733	41.0953	2222000000	2222000000	NA	no_change	29	20	23
100	-312.869	-314.401	1.53223	20	41.0953	27.4649	2222000000	2222020000	41.0684	anagenetic	24	19	18
100	-312.869	-314.401	1.53223	20	41.0953	27.4649	2222020000	2220020000	39.9289	anagenetic	24	19	18
100	-312.869	-314.401	1.53223	20	41.0953	27.4649	2220020000	2200020000	39.8294	anagenetic	24	19	18
100	-312.869	-314.401	1.53223	19	27.4649	0	2200020000	2200000000	26.5789	anagenetic	20	NA	NA
100	-312.869	-314.401	1.53223	19	27.4649	0	2200000000	2220000000	9.61348	anagenetic	20	NA	NA
100	-312.869	-314.401	1.53223	18	27.4649	0	2200020000	2200000000	23.5711	anagenetic	20	NA	NA
100	-312.869	-314.401	1.53223	18	27.4649	0	2200000000	2220000000	17.3199	anagenetic	20	NA	NA
100	-312.869	-314.401	1.53223	18	27.4649	0	2220000000	2200000000	10.952	anagenetic	20	NA	NA
100	-312.869	-314.401	1.53223	23	41.0953	18.5117	2222000000	2202000000	30.865	anagenetic	24	21	22
100	-312.869	-314.401	1.53223	23	41.0953	18.5117	2202000000	2002000000	28.3103	anagenetic	24	21	22
100	-312.869	-314.401	1.53223	21	18.5117	9.59126	2002000000	2002000000	NA	no_change	23	17	16
100	-312.869	-314.401	1.53223	17	9.59126	0	2002000000	2000000000	3.38898	anagenetic	21	NA	NA
100	-312.869	-314.401	1.53223	17	9.59126	0	2000000000	2020000000	0.929661	anagenetic	21	NA	NA
100	-312.869	-314.401	1.53223	16	9.59126	0	2002000000	2202000000	6.58987	anagenetic	21	NA	NA
100	-312.869	-314.401	1.53223	22	18.5117	5.09011	2002000000	2002000000	NA	no_change	23	15	14
100	-312.869	-314.401	1.53223	15	5.09011	0	2002000000	2000000000	1.31567	anagenetic	22	NA	NA
100	-312.869	-314.401	1.53223	14	5.09011	0	2002000000	0002000000	4.02598	anagenetic	22	NA	NA
100	-312.869	-314.401	1.53223	14	5.09011	0	0002000000	0002200000	3.62003	anagenetic	22	NA	NA
100	-312.869	-314.401	1.53223	28	53.7733	13.5907	2222000000	0222000000	49.9189	anagenetic	29	26	27
100	-312.869	-314.401	1.53223	28	53.7733	13.5907	0222000000	0202000000	34.4886	anagenetic	29	26	27
100	-312.869	-314.401	1.53223	28	53.7733	13.5907	0202000000	0202002000	24.364	anagenetic	29	26	27
100	-312.869	-314.401	1.53223	28	53.7733	13.5907	0202002000	0200002000	20.1027	anagenetic	29	26	27
100	-312.869	-314.401	1.53223	28	53.7733	13.5907	0200002000	0000002000	19.3319	anagenetic	29	26	27
100	-312.869	-314.401	1.53223	26	13.5907	7.64874	0000002000	0002002000	10.0627	anagenetic	28	13	25
100	-312.869	-314.401	1.53223	13	7.64874	0	0002002000	0002202000	1.25938	anagenetic	26	NA	NA
100	-312.869	-314.401	1.53223	13	7.64874	0	0002202000	0002200000	0.0311769	anagenetic	26	NA	NA
100	-312.869	-314.401	1.53223	25	7.64874	0.268772	0002002000	0002002000	NA	no_change	26	12	11
100	-312.869	-314.401	1.53223	12	0.268772	0	0002002000	0002000000	0.250348	anagenetic	25	NA	NA
100	-312.869	-314.401	1.53223	12	0.268772	0	0002000000	0002020000	0.0852527	anagenetic	25	NA	NA
100	-312.869	-314.401	1.53223	11	0.268772	0	0002002000	0002002000	NA	no_change	25	NA	NA
100	-312.869	-314.401	1.53223	27	13.5907	11.2416	0000002000	0000002200	13.435	anagenetic	28	10	9
100	-312.869	-314.401	1.53223	10	11.2416	0	0000002200	0000002200	NA	no_change	27	NA	NA
100	-312.869	-314.401	1.53223	9	11.2416	0	0000002200	0000002200	NA	no_change	27	NA	NA
100	-312.869	-314.401	1.53223	37	100	44.4225	0220002202	0220022202	87.5887	anagenetic	38	33	36
100	-312.869	-314.401	1.53223	37	100	44.4225	0220022202	0200022202	83.4473	anagenetic	38	33	36
100	-312.869	-314.401	1.53223	37	100	44.4225	0200022202	0200002202	67.4951	anagenetic	38	33	36
100	-312.869	-314.401	1.53223	37	100	44.4225	0200002202	0200002002	50.1533	anagenetic	38	33	36
100	-312.869	-314.401	1.53223	37	100	44.4225	0200002002	0000002002	48.7316	anagenetic	38	33	36
100	-312.869	-314.401	1.53223	33	44.4225	34.1231	0000002002	0000002000	43.3323	anagenetic	37	8	32
100	-312.869	-314.401	1.53223	33	44.4225	34.1231	0000002000	0000002020	36.5415	anagenetic	37	8	32
100	-312.869	-314.401	1.53223	8	34.1231	0	0000002020	0200002020	27.6666	anagenetic	33	NA	NA
100	-312.869	-314.401	1.53223	8	34.1231	0	0200002020	0220002020	23.5516	anagenetic	33	NA	NA
100	-312.869	-314.401	1.53223	8	34.1231	0	0220002020	0220000020	19.951	anagenetic	33	NA	NA
100	-312.869	-314.401	1.53223	8	34.1231	0	0220000020	0220000000	13.5745	anagenetic	33	NA	NA
100	-312.869	-314.401	1.53223	8	34.1231	0	0220000000	0220002000	11.9438	anagenetic	33	NA	NA
100	-312.869	-314.401	1.53223	8	34.1231	0	0220002000	0200002000	0.394354	anagenetic	33	NA	NA
100	-312.869	-314.401	1.53223	32	34.1231	6.82731	0000002020	2000002020	30.5972	anagenetic	33	31	4
100	-312.869	-314.401	1.53223	32	34.1231	6.82731	2000002020	2000002220	14.1505	anagenetic	33	31	4
100	-312.869	-314.401	1.53223	32	34.1231	6.82731	2000002220	2000000220	10.1683	anagenetic	33	31	4
100	-312.869	-314.401	1.53223	31	6.82731	4.77017	2000000220	0000000220	6.01366	anagenetic	32	30	5
100	-312.869	-314.401	1.53223	30	4.77017	3.27877	0000000220	0000000220	NA	no_change	31	7	6
100	-312.869	-314.401	1.53223	7	3.27877	0	0000000220	0000000220	NA	no_change	30	NA	NA
100	-312.869	-314.401	1.53223	6	3.27877	0	0000000220	0000000200	2.90762	anagenetic	30	NA	NA
100	-312.869	-314.401	1.53223	5	4.77017	0	0000000220	0000000220	NA	no_change	31	NA	NA
100	-312.869	-314.401	1.53223	4	6.82731	0	2000000220	2000000020	2.13638	anagenetic	32	NA	NA
100	-312.869	-314.401	1.53223	36	44.4225	24.5118	0000002002	0000000002	28.8333	anagenetic	37	34	35
100	-312.869	-314.401	1.53223	34	24.5118	4.69943	0000000002	0000000202	13.2004	anagenetic	36	3	2
100	-312.869	-314.401	1.53223	3	4.69943	0	0000000202	0000000200	2.8893	anagenetic	34	NA	NA
100	-312.869	-314.401	1.53223	2	4.69943	0	0000000202	0000000002	0.378478	anagenetic	34	NA	NA
100	-312.869	-314.401	1.53223	35	24.5118	1.80607	0000000002	0000000002	NA	no_change	36	1	0
100	-312.869	-314.401	1.53223	1	1.80607	0	0000000002	0000000002	NA	no_change	35	NA	NA
100	-312.869	-314.401	1.53223	0	1.80607	0	0000000002	0000000002	NA	no_change	35	NA	NA
