iteration	posterior	likelihood	prior	node_index	branch_start_time	branch_end_time	start_state	end_state	transition_time	transition_type	parent_index	child1_index	child2_index
0	-38.6664	-40.1773	1.51089	10	10	10	22222	22222	NA	no_change	NA	8	9
0	-38.6664	-40.1773	1.51089	8	10	3.36035	22222	22220	7.26233	anagenetic	10	6	7
0	-38.6664	-40.1773	1.51089	6	3.36035	1.27919	22220	22200	2.54952	anagenetic	8	5	4
0	-38.6664	-40.1773	1.51089	6	3.36035	1.27919	22200	22000	1.44206	anagenetic	8	5	4
0	-38.6664	-40.1773	1.51089	5	1.27919	0	22000	22000	NA	no_change	6	NA	NA
0	-38.6664	-40.1773	1.51089	4	1.27919	0	22000	22000	NA	no_change	6	NA	NA
0	-38.6664	-40.1773	1.51089	7	3.36035	0.153814	22220	20220	3.15487	anagenetic	8	3	2
0	-38.6664	-40.1773	1.51089	7	3.36035	0.153814	20220	00220	1.34078	anagenetic	8	3	2
0	-38.6664	-40.1773	1.51089	3	0.153814	0	00220	00220	NA	no_change	7	NA	NA
0	-38.6664	-40.1773	1.51089	2	0.153814	0	00220	00220	NA	no_change	7	NA	NA
0	-38.6664	-40.1773	1.51089	9	10	1.07914	22222	22022	9.23103	anagenetic	10	1	0
0	-38.6664	-40.1773	1.51089	9	10	1.07914	22022	02022	6.62774	anagenetic	10	1	0
0	-38.6664	-40.1773	1.51089	9	10	1.07914	02022	02002	6.31045	anagenetic	10	1	0
0	-38.6664	-40.1773	1.51089	9	10	1.07914	02002	00002	1.76298	anagenetic	10	1	0
0	-38.6664	-40.1773	1.51089	1	1.07914	0	00002	00002	NA	no_change	9	NA	NA
0	-38.6664	-40.1773	1.51089	0	1.07914	0	00002	00002	NA	no_change	9	NA	NA
10	-39.5432	-40.1954	0.652236	10	10	10	00020	00020	NA	no_change	NA	8	9
10	-39.5432	-40.1954	0.652236	8	10	3.36035	00020	00220	8.98917	anagenetic	10	6	7
10	-39.5432	-40.1954	0.652236	8	10	3.36035	00220	00020	5.52333	anagenetic	10	6	7
10	-39.5432	-40.1954	0.652236	6	3.36035	1.27919	00020	02020	2.19578	anagenetic	8	5	4
10	-39.5432	-40.1954	0.652236	6	3.36035	1.27919	02020	02000	1.66165	anagenetic	8	5	4
10	-39.5432	-40.1954	0.652236	5	1.27919	0	02000	22000	1.2223	anagenetic	6	NA	NA
10	-39.5432	-40.1954	0.652236	4	1.27919	0	02000	22000	0.0662443	anagenetic	6	NA	NA
10	-39.5432	-40.1954	0.652236	7	3.36035	0.153814	00020	00220	0.379575	anagenetic	8	3	2
10	-39.5432	-40.1954	0.652236	3	0.153814	0	00220	00220	NA	no_change	7	NA	NA
10	-39.5432	-40.1954	0.652236	2	0.153814	0	00220	00220	NA	no_change	7	NA	NA
10	-39.5432	-40.1954	0.652236	9	10	1.07914	00020	00022	7.93393	anagenetic	10	1	0
10	-39.5432	-40.1954	0.652236	9	10	1.07914	00022	00002	4.55109	anagenetic	10	1	0
10	-39.5432	-40.1954	0.652236	1	1.07914	0	00002	00002	NA	no_change	9	NA	NA
10	-39.5432	-40.1954	0.652236	0	1.07914	0	00002	00002	NA	no_change	9	NA	NA
20	-37.9068	-38.2419	0.335124	10	10	10	00020	00020	NA	no_change	NA	8	9
20	-37.9068	-38.2419	0.335124	8	10	3.36035	00020	00020	NA	no_change	10	6	7
20	-37.9068	-38.2419	0.335124	6	3.36035	1.27919	00020	02020	2.44334	anagenetic	8	5	4
20	-37.9068	-38.2419	0.335124	6	3.36035	1.27919	02020	02000	2.26504	anagenetic	8	5	4
20	-37.9068	-38.2419	0.335124	6	3.36035	1.27919	02000	22000	1.31344	anagenetic	8	5	4
20	-37.9068	-38.2419	0.335124	5	1.27919	0	22000	22000	NA	no_change	6	NA	NA
20	-37.9068	-38.2419	0.335124	4	1.27919	0	22000	22000	NA	no_change	6	NA	NA
20	-37.9068	-38.2419	0.335124	7	3.36035	0.153814	00020	00220	2.26305	anagenetic	8	3	2
20	-37.9068	-38.2419	0.335124	3	0.153814	0	00220	00220	NA	no_change	7	NA	NA
20	-37.9068	-38.2419	0.335124	2	0.153814	0	00220	00220	NA	no_change	7	NA	NA
20	-37.9068	-38.2419	0.335124	9	10	1.07914	00020	00022	8.53548	anagenetic	10	1	0
20	-37.9068	-38.2419	0.335124	9	10	1.07914	00022	00002	5.69657	anagenetic	10	1	0
20	-37.9068	-38.2419	0.335124	9	10	1.07914	00002	20002	5.0864	anagenetic	10	1	0
20	-37.9068	-38.2419	0.335124	9	10	1.07914	20002	00002	4.58018	anagenetic	10	1	0
20	-37.9068	-38.2419	0.335124	1	1.07914	0	00002	00002	NA	no_change	9	NA	NA
20	-37.9068	-38.2419	0.335124	0	1.07914	0	00002	00002	NA	no_change	9	NA	NA
30	-44.2712	-44.4485	0.177247	10	10	10	00020	00020	NA	no_change	NA	8	9
30	-44.2712	-44.4485	0.177247	8	10	3.36035	00020	20020	8.57112	anagenetic	10	6	7
30	-44.2712	-44.4485	0.177247	8	10	3.36035	20020	20220	4.64472	anagenetic	10	6	7
30	-44.2712	-44.4485	0.177247	8	10	3.36035	20220	20200	4.2356	anagenetic	10	6	7
30	-44.2712	-44.4485	0.177247	6	3.36035	1.27919	20200	22200	1.74754	anagenetic	8	5	4
30	-44.2712	-44.4485	0.177247	6	3.36035	1.27919	22200	22000	1.59486	anagenetic	8	5	4
30	-44.2712	-44.4485	0.177247	5	1.27919	0	22000	22000	NA	no_change	6	NA	NA
30	-44.2712	-44.4485	0.177247	4	1.27919	0	22000	22000	NA	no_change	6	NA	NA
30	-44.2712	-44.4485	0.177247	7	3.36035	0.153814	20200	00200	2.75852	anagenetic	8	3	2
30	-44.2712	-44.4485	0.177247	7	3.36035	0.153814	00200	00220	0.681283	anagenetic	8	3	2
30	-44.2712	-44.4485	0.177247	3	0.153814	0	00220	00220	NA	no_change	7	NA	NA
30	-44.2712	-44.4485	0.177247	2	0.153814	0	00220	00220	NA	no_change	7	NA	NA
30	-44.2712	-44.4485	0.177247	9	10	1.07914	00020	00022	6.39495	anagenetic	10	1	0
30	-44.2712	-44.4485	0.177247	9	10	1.07914	00022	00002	5.18258	anagenetic	10	1	0
30	-44.2712	-44.4485	0.177247	9	10	1.07914	00002	00202	2.50949	anagenetic	10	1	0
30	-44.2712	-44.4485	0.177247	9	10	1.07914	00202	00002	2.1354	anagenetic	10	1	0
30	-44.2712	-44.4485	0.177247	1	1.07914	0	00002	00002	NA	no_change	9	NA	NA
30	-44.2712	-44.4485	0.177247	0	1.07914	0	00002	00002	NA	no_change	9	NA	NA
40	-47.0028	-47.8041	0.801324	10	10	10	00020	00020	NA	no_change	NA	8	9
40	-47.0028	-47.8041	0.801324	8	10	3.36035	00020	00220	8.8214	anagenetic	10	6	7
40	-47.0028	-47.8041	0.801324	6	3.36035	1.27919	00220	00222	2.8669	anagenetic	8	5	4
40	-47.0028	-47.8041	0.801324	6	3.36035	1.27919	00222	00220	2.32175	anagenetic	8	5	4
40	-47.0028	-47.8041	0.801324	6	3.36035	1.27919	00220	20220	2.15447	anagenetic	8	5	4
40	-47.0028	-47.8041	0.801324	6	3.36035	1.27919	20220	20200	1.8689	anagenetic	8	5	4
40	-47.0028	-47.8041	0.801324	6	3.36035	1.27919	20200	20000	1.45038	anagenetic	8	5	4
40	-47.0028	-47.8041	0.801324	5	1.27919	0	20000	22000	0.252063	anagenetic	6	NA	NA
40	-47.0028	-47.8041	0.801324	4	1.27919	0	20000	22000	0.962174	anagenetic	6	NA	NA
40	-47.0028	-47.8041	0.801324	7	3.36035	0.153814	00220	00220	NA	no_change	8	3	2
40	-47.0028	-47.8041	0.801324	3	0.153814	0	00220	00220	NA	no_change	7	NA	NA
40	-47.0028	-47.8041	0.801324	2	0.153814	0	00220	00220	NA	no_change	7	NA	NA
40	-47.0028	-47.8041	0.801324	9	10	1.07914	00020	00022	9.88537	anagenetic	10	1	0
40	-47.0028	-47.8041	0.801324	9	10	1.07914	00022	02022	9.76932	anagenetic	10	1	0
40	-47.0028	-47.8041	0.801324	9	10	1.07914	02022	02002	9.57261	anagenetic	10	1	0
40	-47.0028	-47.8041	0.801324	9	10	1.07914	02002	00002	3.36084	anagenetic	10	1	0
40	-47.0028	-47.8041	0.801324	1	1.07914	0	00002	00002	NA	no_change	9	NA	NA
40	-47.0028	-47.8041	0.801324	0	1.07914	0	00002	00002	NA	no_change	9	NA	NA
50	-32.7376	-34.0202	1.28259	10	10	10	20002	20002	NA	no_change	NA	8	9
50	-32.7376	-34.0202	1.28259	8	10	3.36035	20002	20000	8.44482	anagenetic	10	6	7
50	-32.7376	-34.0202	1.28259	8	10	3.36035	20000	22000	5.35246	anagenetic	10	6	7
50	-32.7376	-34.0202	1.28259	6	3.36035	1.27919	22000	22000	NA	no_change	8	5	4
50	-32.7376	-34.0202	1.28259	5	1.27919	0	22000	22000	NA	no_change	6	NA	NA
50	-32.7376	-34.0202	1.28259	4	1.27919	0	22000	22000	NA	no_change	6	NA	NA
50	-32.7376	-34.0202	1.28259	7	3.36035	0.153814	22000	22020	3.33375	anagenetic	8	3	2
50	-32.7376	-34.0202	1.28259	7	3.36035	0.153814	22020	02020	3.03364	anagenetic	8	3	2
50	-32.7376	-34.0202	1.28259	7	3.36035	0.153814	02020	00020	0.449955	anagenetic	8	3	2
50	-32.7376	-34.0202	1.28259	7	3.36035	0.153814	00020	00220	0.383697	anagenetic	8	3	2
50	-32.7376	-34.0202	1.28259	3	0.153814	0	00220	00220	NA	no_change	7	NA	NA
50	-32.7376	-34.0202	1.28259	2	0.153814	0	00220	00220	NA	no_change	7	NA	NA
50	-32.7376	-34.0202	1.28259	9	10	1.07914	20002	00002	3.43037	anagenetic	10	1	0
50	-32.7376	-34.0202	1.28259	1	1.07914	0	00002	00002	NA	no_change	9	NA	NA
50	-32.7376	-34.0202	1.28259	0	1.07914	0	00002	00002	NA	no_change	9	NA	NA
60	-37.2677	-38.4403	1.17254	10	10	10	02002	02002	NA	no_change	NA	8	9
60	-37.2677	-38.4403	1.17254	8	10	3.36035	02002	02000	6.68566	anagenetic	10	6	7
60	-37.2677	-38.4403	1.17254	8	10	3.36035	02000	02020	6.27615	anagenetic	10	6	7
60	-37.2677	-38.4403	1.17254	8	10	3.36035	02020	22020	4.14248	anagenetic	10	6	7
60	-37.2677	-38.4403	1.17254	6	3.36035	1.27919	22020	22020	NA	no_change	8	5	4
60	-37.2677	-38.4403	1.17254	5	1.27919	0	22020	22000	0.684794	anagenetic	6	NA	NA
60	-37.2677	-38.4403	1.17254	4	1.27919	0	22020	22000	0.122312	anagenetic	6	NA	NA
60	-37.2677	-38.4403	1.17254	7	3.36035	0.153814	22020	20020	3.31878	anagenetic	8	3	2
60	-37.2677	-38.4403	1.17254	7	3.36035	0.153814	20020	20220	2.33141	anagenetic	8	3	2
60	-37.2677	-38.4403	1.17254	7	3.36035	0.153814	20220	00220	1.90889	anagenetic	8	3	2
60	-37.2677	-38.4403	1.17254	3	0.153814	0	00220	00220	NA	no_change	7	NA	NA
60	-37.2677	-38.4403	1.17254	2	0.153814	0	00220	00220	NA	no_change	7	NA	NA
60	-37.2677	-38.4403	1.17254	9	10	1.07914	02002	00002	8.78393	anagenetic	10	1	0
60	-37.2677	-38.4403	1.17254	1	1.07914	0	00002	00002	NA	no_change	9	NA	NA
60	-37.2677	-38.4403	1.17254	0	1.07914	0	00002	00002	NA	no_change	9	NA	NA
70	-31.9865	-33.4999	1.51335	10	10	10	02000	02000	NA	no_change	NA	8	9
70	-31.9865	-33.4999	1.51335	8	10	3.36035	02000	02000	NA	no_change	10	6	7
70	-31.9865	-33.4999	1.51335	6	3.36035	1.27919	02000	22000	2.79956	anagenetic	8	5	4
70	-31.9865	-33.4999	1.51335	5	1.27919	0	22000	22000	NA	no_change	6	NA	NA
70	-31.9865	-33.4999	1.51335	4	1.27919	0	22000	22000	NA	no_change	6	NA	NA
70	-31.9865	-33.4999	1.51335	7	3.36035	0.153814	02000	02020	2.7214	anagenetic	8	3	2
70	-31.9865	-33.4999	1.51335	7	3.36035	0.153814	02020	02220	1.28715	anagenetic	8	3	2
70	-31.9865	-33.4999	1.51335	7	3.36035	0.153814	02220	00220	0.465464	anagenetic	8	3	2
70	-31.9865	-33.4999	1.51335	3	0.153814	0	00220	00220	NA	no_change	7	NA	NA
70	-31.9865	-33.4999	1.51335	2	0.153814	0	00220	00220	NA	no_change	7	NA	NA
70	-31.9865	-33.4999	1.51335	9	10	1.07914	02000	02002	8.47685	anagenetic	10	1	0
70	-31.9865	-33.4999	1.51335	9	10	1.07914	02002	00002	2.96079	anagenetic	10	1	0
70	-31.9865	-33.4999	1.51335	1	1.07914	0	00002	00002	NA	no_change	9	NA	NA
70	-31.9865	-33.4999	1.51335	0	1.07914	0	00002	00002	NA	no_change	9	NA	NA
80	-31.106	-32.6859	1.57985	10	10	10	22002	22002	NA	no_change	NA	8	9
80	-31.106	-32.6859	1.57985	8	10	3.36035	22002	22000	7.96912	anagenetic	10	6	7
80	-31.106	-32.6859	1.57985	6	3.36035	1.27919	22000	22000	NA	no_change	8	5	4
80	-31.106	-32.6859	1.57985	5	1.27919	0	22000	22000	NA	no_change	6	NA	NA
80	-31.106	-32.6859	1.57985	4	1.27919	0	22000	22000	NA	no_change	6	NA	NA
80	-31.106	-32.6859	1.57985	7	3.36035	0.153814	22000	22200	1.82275	anagenetic	8	3	2
80	-31.106	-32.6859	1.57985	7	3.36035	0.153814	22200	20200	0.388174	anagenetic	8	3	2
80	-31.106	-32.6859	1.57985	7	3.36035	0.153814	20200	00200	0.181317	anagenetic	8	3	2
80	-31.106	-32.6859	1.57985	7	3.36035	0.153814	00200	00220	0.177451	anagenetic	8	3	2
80	-31.106	-32.6859	1.57985	3	0.153814	0	00220	00220	NA	no_change	7	NA	NA
80	-31.106	-32.6859	1.57985	2	0.153814	0	00220	00220	NA	no_change	7	NA	NA
80	-31.106	-32.6859	1.57985	9	10	1.07914	22002	02002	9.33279	anagenetic	10	1	0
80	-31.106	-32.6859	1.57985	9	10	1.07914	02002	00002	3.98562	anagenetic	10	1	0
80	-31.106	-32.6859	1.57985	1	1.07914	0	00002	00002	NA	no_change	9	NA	NA
80	-31.106	-32.6859	1.57985	0	1.07914	0	00002	00002	NA	no_change	9	NA	NA
90	-43.8325	-44.7924	0.959822	10	10	10	22000	22000	NA	no_change	NA	8	9
90	-43.8325	-44.7924	0.959822	8	10	3.36035	22000	02000	6.74022	anagenetic	10	6	7
90	-43.8325	-44.7924	0.959822	8	10	3.36035	02000	22000	6.11796	anagenetic	10	6	7
90	-43.8325	-44.7924	0.959822	6	3.36035	1.27919	22000	22000	NA	no_change	8	5	4
90	-43.8325	-44.7924	0.959822	5	1.27919	0	22000	22000	NA	no_change	6	NA	NA
90	-43.8325	-44.7924	0.959822	4	1.27919	0	22000	22000	NA	no_change	6	NA	NA
90	-43.8325	-44.7924	0.959822	7	3.36035	0.153814	22000	22200	1.85272	anagenetic	8	3	2
90	-43.8325	-44.7924	0.959822	7	3.36035	0.153814	22200	02200	1.53788	anagenetic	8	3	2
90	-43.8325	-44.7924	0.959822	7	3.36035	0.153814	02200	02220	0.35309	anagenetic	8	3	2
90	-43.8325	-44.7924	0.959822	7	3.36035	0.153814	02220	00220	0.254297	anagenetic	8	3	2
90	-43.8325	-44.7924	0.959822	3	0.153814	0	00220	00220	NA	no_change	7	NA	NA
90	-43.8325	-44.7924	0.959822	2	0.153814	0	00220	00220	NA	no_change	7	NA	NA
90	-43.8325	-44.7924	0.959822	9	10	1.07914	22000	20000	9.21587	anagenetic	10	1	0
90	-43.8325	-44.7924	0.959822	9	10	1.07914	20000	20002	8.34899	anagenetic	10	1	0
90	-43.8325	-44.7924	0.959822	9	10	1.07914	20002	20000	5.26718	anagenetic	10	1	0
90	-43.8325	-44.7924	0.959822	9	10	1.07914	20000	20002	4.72038	anagenetic	10	1	0
90	-43.8325	-44.7924	0.959822	9	10	1.07914	20002	00002	1.58496	anagenetic	10	1	0
90	-43.8325	-44.7924	0.959822	1	1.07914	0	00002	00002	NA	no_change	9	NA	NA
90	-43.8325	-44.7924	0.959822	0	1.07914	0	00002	00002	NA	no_change	9	NA	NA
100	-50.3283	-50.5255	0.197286	10	10	10	02000	02000	NA	no_change	NA	8	9
100	-50.3283	-50.5255	0.197286	8	10	3.36035	02000	02020	8.67707	anagenetic	10	6	7
100	-50.3283	-50.5255	0.197286	6	3.36035	1.27919	02020	22020	2.88157	anagenetic	8	5	4
100	-50.3283	-50.5255	0.197286	6	3.36035	1.27919	22020	22000	1.89105	anagenetic	8	5	4
100	-50.3283	-50.5255	0.197286	5	1.27919	0	22000	22000	NA	no_change	6	NA	NA
100	-50.3283	-50.5255	0.197286	4	1.27919	0	22000	22000	NA	no_change	6	NA	NA
100	-50.3283	-50.5255	0.197286	7	3.36035	0.153814	02020	02022	3.18297	anagenetic	8	3	2
100	-50.3283	-50.5255	0.197286	7	3.36035	0.153814	02022	00022	3.06974	anagenetic	8	3	2
100	-50.3283	-50.5255	0.197286	7	3.36035	0.153814	00022	00222	1.77707	anagenetic	8	3	2
100	-50.3283	-50.5255	0.197286	7	3.36035	0.153814	00222	00220	1.68369	anagenetic	8	3	2
100	-50.3283	-50.5255	0.197286	3	0.153814	0	00220	00220	NA	no_change	7	NA	NA
100	-50.3283	-50.5255	0.197286	2	0.153814	0	00220	00220	NA	no_change	7	NA	NA
100	-50.3283	-50.5255	0.197286	9	10	1.07914	02000	02002	8.69883	anagenetic	10	1	0
100	-50.3283	-50.5255	0.197286	9	10	1.07914	02002	00002	6.09525	anagenetic	10	1	0
100	-50.3283	-50.5255	0.197286	9	10	1.07914	00002	00202	5.26495	anagenetic	10	1	0
100	-50.3283	-50.5255	0.197286	9	10	1.07914	00202	20202	5.1814	anagenetic	10	1	0
100	-50.3283	-50.5255	0.197286	9	10	1.07914	20202	20002	3.78804	anagenetic	10	1	0
100	-50.3283	-50.5255	0.197286	9	10	1.07914	20002	00002	3.42682	anagenetic	10	1	0
100	-50.3283	-50.5255	0.197286	1	1.07914	0	00002	00002	NA	no_change	9	NA	NA
100	-50.3283	-50.5255	0.197286	0	1.07914	0	00002	00002	NA	no_change	9	NA	NA
